3.29426908493 
2.03268313408 
0.925021529198 
1.08082354069 
0.965272426605 
0.893565237522 
0.900850892067 
0.847328543663 
0.802219390869 
0.798527002335 
0.785856723785 
0.794365525246 
0.79550588131 
0.785129725933 
0.762984097004 
0.707799911499 
0.727164745331 
0.749817013741 
0.718205928802 
0.694023251534 
0.672303080559 
0.685035943985 
0.636063218117 
0.680232524872 
0.69346165657 
0.673289060593 
0.669379472733 
0.62509894371 
0.673168182373 
0.62625181675 
0.62099134922 
0.629817724228 
0.603741884232 
0.575597286224 
0.604268312454 
0.563488841057 
0.549331188202 
0.568097114563 
0.643503248692 
0.622314691544 
0.553478717804 
0.592058181763 
0.582841992378 
0.643646121025 
0.528775811195 
0.523160636425 
0.576934695244 
0.571135044098 
0.534862101078 
0.508065760136 
0.519669651985 
0.534918546677 
0.53361594677 
0.567579388618 
0.519347667694 
0.538921713829 
0.525678634644 
0.577036619186 
0.544860363007 
0.563274741173 
0.512008666992 
0.571271657944 
0.550077199936 
0.515384912491 
0.562400221825 
0.538205683231 
0.537178695202 
0.494102537632 
0.502424955368 
0.558486700058 
0.560076594353 
0.613317728043 
0.483992308378 
0.595915317535 
0.500570058823 
0.5059684515 
0.459009885788 
0.479732751846 
0.551272392273 
0.517987668514 
0.498354554176 
0.444219887257 
0.445211112499 
0.481000781059 
0.525761604309 
0.512016177177 
0.442566692829 
0.506052613258 
0.492862761021 
0.436052292585 
0.41232663393 
0.423858612776 
0.442860841751 
0.427669584751 
0.415809094906 
0.485174030066 
0.485392272472 
0.475125730038 
0.42802515626 
0.490069836378 
0.502953231335 
0.423023879528 
0.478383898735 
0.461785018444 
0.489912867546 
0.440275460482 
0.480363249779 
0.454626083374 
0.408098816872 
0.414877593517 
0.516546845436 
0.40879535675 
0.517943739891 
0.472044557333 
0.434827029705 
0.453497052193 
0.432973504066 
0.432017534971 
0.434015870094 
0.429327964783 
0.394318759441 
0.408572852612 
0.443640947342 
0.478877335787 
0.438460737467 
0.41707020998 
0.515468239784 
0.408121466637 
0.3885024786 
0.400673985481 
0.391555309296 
0.39288392663 
0.406314790249 
0.431618213654 
0.378447383642 
0.486481755972 
0.389513343573 
0.384507536888 
0.377468049526 
0.407653450966 
0.412769675255 
0.469548493624 
0.395694851875 
0.406654894352 
0.440943151712 
0.450420171022 
0.411734133959 
0.369639664888 
0.417599081993 
0.401978105307 
0.44396674633 
0.390552669764 
0.411087095737 
0.36620593071 
0.389239519835 
0.378764331341 
0.421111673117 
0.37390139699 
0.415885984898 
0.382200300694 
0.416111677885 
0.422518342733 
0.384081661701 
0.361353099346 
0.365611761808 
0.39520663023 
0.387401729822 
0.365530341864 
0.383023500443 
0.347172409296 
0.366696745157 
0.381217062473 
0.393386632204 
0.401419639587 
0.37491351366 
0.379960000515 
0.362416505814 
0.35515999794 
0.355726420879 
0.354283034801 
0.402608275414 
0.375281572342 
0.390249788761 
0.409894227982 
0.335078269243 
0.409688413143 
0.38880994916 
0.389790564775 
0.403291553259 
0.34835088253 
0.361417174339 
0.372974723577 
0.366362810135 
0.350433945656 
0.327796936035 
0.352367579937 
0.402555525303 
0.342769891024 
0.358771085739 
0.35322162509 
0.346387892962 
0.334319591522 
0.369750350714 
0.336680173874 
0.326701015234 
0.34719979763 
0.397779345512 
0.3540366292 
0.325680404902 
0.375928610563 
0.366355419159 
0.412836313248 
0.364280700684 
0.362643927336 
0.395197212696 
0.334089934826 
0.327541589737 
0.340446352959 
0.329041838646 
0.321763575077 
0.357891738415 
0.355172783136 
0.308831989765 
0.321205824614 
0.374339789152 
0.366688907146 
0.315937817097 
0.338845103979 
0.359982967377 
0.319000542164 
0.350524514914 
0.360835552216 
0.32902276516 
0.341107100248 
0.323128402233 
0.319107085466 
0.339229404926 
0.348038673401 
0.336828917265 
0.348016619682 
0.332384556532 
0.355581521988 
0.340793550014 
0.329595625401 
0.346750169992 
0.359594225883 
0.292704731226 
0.41071498394 
0.328469961882 
0.324926793575 
0.29843083024 
0.370875597 
0.345226317644 
0.337127447128 
0.326427221298 
0.346839100122 
0.326653271914 
0.298168897629 
0.300960123539 
0.332475066185 
0.35393550992 
0.29238435626 
0.298483401537 
0.309077143669 
0.359028398991 
0.331337988377 
0.301172852516 
0.323571115732 
0.289893239737 
0.363094002008 
0.298580020666 
0.31576359272 
0.332535386086 
0.318592697382 
0.348164707422 
0.299530565739 
0.308051139116 
0.338949650526 
0.335991173983 
0.289487659931 
0.302667170763 
0.299972981215 
0.30676227808 
0.307186871767 
0.275679767132 
0.275852680206 
0.330502688885 
0.313634574413 
0.307171285152 
0.297191977501 
0.269621163607 
0.295055359602 
0.27078345418 
0.252286851406 
0.258723080158 
0.265685528517 
0.413077563047 
0.260627120733 
0.361996471882 
0.31687515974 
0.31726360321 
0.28545960784 
0.324783444405 
0.310577362776 
0.317674845457 
0.305660486221 
0.353264212608 
0.324070096016 
0.276846021414 
0.316522777081 
0.283087939024 
0.28284907341 
0.300353884697 
0.320370584726 
0.294544935226 
0.278090029955 
0.285897642374 
0.299288570881 
0.321916311979 
0.292303144932 
0.298720121384 
0.282738864422 
0.299232691526 
0.325920045376 
0.293710500002 
0.340391844511 
0.33104762435 
0.306426942348 
0.309220790863 
0.314121007919 
0.324828624725 
0.305691599846 
0.273799985647 
0.266667693853 
0.317030370235 
0.290052711964 
0.270187526941 
0.287002027035 
0.308354198933 
0.32374805212 
0.278981268406 
0.290405452251 
0.322954148054 
0.34439343214 
0.298598766327 
0.274459302425 
0.321823984385 
0.315686374903 
0.299330770969 
0.27530092001 
0.275271564722 
0.314658045769 
0.293110072613 
0.31520614028 
0.308623492718 
0.288228750229 
0.291724890471 
0.31309607625 
0.328782260418 
0.298037976027 
0.287955015898 
0.327713310719 
0.313382178545 
0.306913882494 
0.342261910439 
0.326754808426 
0.311653584242 
0.314906597137 
0.293312251568 
0.316624224186 
0.337685614824 
0.349807947874 
0.302807152271 
0.3440579772 
0.279116392136 
0.296201705933 
0.27880319953 
0.280593842268 
0.331989943981 
0.308903008699 
0.307612538338 
0.272567123175 
0.281484782696 
0.29921194911 
0.315647244453 
0.31112793088 
0.282599002123 
0.31833165884 
0.29920232296 
0.27960023284 
0.271836221218 
0.278545439243 
0.287690877914 
0.278578281403 
0.271545797586 
0.286114871502 
0.32145395875 
0.312635570765 
0.297217786312 
0.314107835293 
0.312436908484 
0.283591508865 
0.280207663774 
0.299579173326 
0.318259060383 
0.284071981907 
0.298186391592 
0.283546090126 
0.28201380372 
0.307063579559 
0.319929838181 
0.270411968231 
0.357612729073 
0.328284233809 
0.280524551868 
0.30235940218 
0.290978103876 
0.276599407196 
0.300819694996 
0.285892277956 
0.279262125492 
0.262640863657 
0.308858424425 
0.299651294947 
0.267251729965 
0.284760951996 
0.323623418808 
0.281444758177 
0.283782422543 
0.286041885614 
0.276143372059 
0.284503132105 
0.285529643297 
0.326092600822 
0.259146898985 
0.349374502897 
0.280725210905 
0.2807508111 
0.282130330801 
0.29746851325 
0.310164958239 
0.33472019434 
0.30164796114 
0.299231261015 
0.311050325632 
0.287162721157 
0.323065519333 
0.269145816565 
0.286074250937 
0.285528331995 
0.304421216249 
0.285817503929 
0.285780340433 
0.256813168526 
0.281984359026 
0.29028865695 
0.30294713378 
0.269102871418 
0.312682300806 
0.281572729349 
0.292596161366 
0.330431938171 
0.283763229847 
0.275630950928 
0.273543030024 
0.283912956715 
0.298312187195 
0.274140387774 
0.290793687105 
0.258156090975 
0.274275571108 
0.289415836334 
0.308952867985 
0.306094288826 
0.28487443924 
0.280912071466 
0.278509676456 
0.263930410147 
0.276231735945 
0.27333676815 
0.315383374691 
0.287319302559 
0.296815216541 
0.325150310993 
0.267105251551 
0.323934793472 
0.316265791655 
0.288810491562 
0.317060619593 
0.276205509901 
0.287905871868 
0.301059931517 
0.290134757757 
0.278684616089 
0.261696964502 
0.284930229187 
0.330195128918 
0.283743113279 
0.266146510839 
0.275466352701 
0.273038774729 
0.273771107197 
0.29501542449 
0.251988559961 
0.260615676641 
0.273012846708 
0.303796231747 
0.286113977432 
0.254111707211 
0.304511517286 
0.281496107578 
0.302892178297 
0.286465853453 
0.292288124561 
0.285374134779 
0.270648688078 
0.260614037514 
0.270531415939 
0.255381315947 
0.261449843645 
0.276912420988 
0.286611020565 
0.248286485672 
0.262839317322 
0.288855999708 
0.287733525038 
0.25546246767 
0.281443297863 
0.279010206461 
0.263924270868 
0.267602324486 
0.298699021339 
0.264473497868 
0.288158178329 
0.268055409193 
0.264028549194 
0.271211385727 
0.303670674562 
0.279058277607 
0.294159173965 
0.287339389324 
0.302242815495 
0.293596893549 
0.283932685852 
0.286660283804 
0.299862742424 
0.254966855049 
0.339114814997 
0.279853343964 
0.267202675343 
0.257971674204 
0.322915256023 
0.287265837193 
0.302165389061 
0.273827314377 
0.297408372164 
0.277783095837 
0.269837737083 
0.260756909847 
0.284611523151 
0.293900132179 
0.252843558788 
0.262281477451 
0.262629687786 
0.31669524312 
0.281672656536 
0.25954964757 
0.268326759338 
0.253326356411 
0.304085224867 
0.258640825748 
0.272475302219 
0.28854072094 
0.284841656685 
0.295335501432 
0.267326027155 
0.266471505165 
0.295311629772 
0.298471331596 
0.252022862434 
0.266857564449 
0.258652210236 
0.271252989769 
0.275803953409 
0.242855191231 
0.239648163319 
0.279490470886 
0.268207073212 
0.26131939888 
0.26566067338 
0.236806124449 
0.263313084841 
0.239175871015 
0.217027261853 
0.238860785961 
0.235110923648 
0.369833737612 
0.232871323824 
0.312876969576 
0.261788487434 
0.282105505466 
0.254528194666 
0.274184316397 
0.274421602488 
0.27920383215 
0.269730776548 
0.324317663908 
0.27671790123 
0.246993809938 
0.282119095325 
0.25199303031 
0.253133893013 
0.269396692514 
0.283053219318 
0.259721875191 
0.246106296778 
0.260835617781 
0.263873040676 
0.283470958471 
0.259107500315 
0.272838801146 
0.249754875898 
0.267297804356 
0.289972603321 
0.25990369916 
0.304647952318 
0.295747697353 
0.277281910181 
0.278870850801 
0.279646754265 
0.29372048378 
0.277291536331 
0.249115824699 
0.240834414959 
0.284233212471 
0.255336761475 
0.243529990315 
0.25736361742 
0.272850364447 
0.293972223997 
0.251784771681 
0.266593068838 
0.297161966562 
0.307850837708 
0.269925266504 
0.251052170992 
0.288366109133 
0.284085273743 
0.267238169909 
0.248186931014 
0.250712126493 
0.287586957216 
0.266929239035 
0.281825333834 
0.28284612298 
0.25946354866 
0.262767851353 
0.277185976505 
0.284882426262 
0.267223417759 
0.2640812397 
0.28892493248 
0.284293562174 
0.273828446865 
0.309473842382 
0.296512871981 
0.276691734791 
0.290218383074 
0.258890002966 
0.279689371586 
0.296826630831 
0.309217691422 
0.271273642778 
0.299629986286 
0.243745014071 
0.26399871707 
0.24660153687 
0.254659354687 
0.290973782539 
0.280733525753 
0.278877228498 
0.25300681591 
0.257265210152 
0.273470073938 
0.286212176085 
0.282249867916 
0.262743473053 
0.280737519264 
0.267768740654 
0.261068224907 
0.253788262606 
0.261429488659 
0.269059002399 
0.259258002043 
0.250562369823 
0.261934429407 
0.302715986967 
0.288280248642 
0.275379598141 
0.291014522314 
0.289324164391 
0.261371612549 
0.260087311268 
0.280108779669 
0.289427995682 
0.260797649622 
0.270725667477 
0.259256094694 
0.25779786706 
0.285895764828 
0.281539648771 
0.245961859822 
0.310480207205 
0.3088722229 
0.260184824467 
0.278277039528 
0.269722282887 
0.252963423729 
0.276760607958 
0.262857854366 
0.260934084654 
0.243835404515 
0.279299110174 
0.281620621681 
0.246927142143 
0.262481212616 
0.302734822035 
0.264140695333 
0.263795286417 
0.263733148575 
0.262393444777 
0.261313050985 
0.2650796175 
0.297381341457 
0.240534305573 
0.316142737865 
0.258719205856 
0.25914606452 
0.255738019943 
0.276613295078 
0.292631745338 
0.30842846632 
0.280019372702 
0.280926406384 
0.287085682154 
0.266028374434 
0.301681756973 
0.252961456776 
0.261822968721 
0.257621377707 
0.27463644743 
0.259746819735 
0.260864913464 
0.234531357884 
0.26049181819 
0.26560536027 
0.273189276457 
0.247744172812 
0.278441846371 
0.259674459696 
0.265726238489 
0.301331520081 
0.259267866611 
0.253817260265 
0.256037086248 
0.258955478668 
0.274158090353 
0.248295247555 
0.26365250349 
0.240006282926 
0.250488311052 
0.267311364412 
0.275867313147 
0.281452894211 
0.261711716652 
0.255472034216 
0.25829577446 
0.248730421066 
0.257771193981 
0.251155376434 
0.293243378401 
0.262108296156 
0.279301285744 
0.30136525631 
0.255311071873 
0.301928281784 
0.291077613831 
0.265095204115 
0.296008437872 
0.258890062571 
0.270489990711 
0.279382824898 
0.268888175488 
0.258818507195 
0.248532444239 
0.271158695221 
0.30627772212 
0.266688227654 
0.246591329575 
0.256285488605 
0.259209752083 
0.259680062532 
0.275653809309 
0.238696202636 
0.246499910951 
0.256435513496 
0.283418357372 
0.268551081419 
0.23543509841 
0.284696638584 
0.265062361956 
0.28058385849 
0.270363897085 
0.274578154087 
0.263469457626 
0.253477305174 
0.251060634851 
0.254784137011 
0.246252536774 
0.244959741831 
0.255677729845 
0.266497224569 
0.23439130187 
0.244766592979 
0.271612077951 
0.271835654974 
0.243387654424 
0.261810272932 
0.262136369944 
0.250846296549 
0.250146448612 
0.279645830393 
0.248523339629 
0.272769063711 
0.257715076208 
0.246904537082 
0.256211519241 
0.285650938749 
0.267390698195 
0.273379564285 
0.274059891701 
0.286040186882 
0.273990541697 
0.267256617546 
0.265976518393 
0.281050086021 
0.243736192584 
0.310144364834 
0.264764666557 
0.25004285574 
0.245635613799 
0.300906807184 
0.26672706008 
0.281492233276 
0.260373830795 
0.279891431332 
0.26720264554 
0.255821168423 
0.247706979513 
0.264226317406 
0.270113259554 
0.238687440753 
0.250671863556 
0.245999902487 
0.300220280886 
0.26278629899 
0.247026950121 
0.252497404814 
0.23773175478 
0.290713250637 
0.244501248002 
0.259602934122 
0.271878391504 
0.267659008503 
0.280336380005 
0.25565430522 
0.253693819046 
0.281595736742 
0.282934606075 
0.241270020604 
0.251012414694 
0.246100962162 
0.2578317523 
0.261683613062 
0.234170302749 
0.22747027874 
0.264112919569 
0.255416750908 
0.248898878694 
0.25142210722 
0.225177705288 
0.253542453051 
0.227374479175 
0.20502628386 
0.230110481381 
0.224632233381 
0.348405152559 
0.223574817181 
0.29629394412 
0.242657199502 
0.262078911066 
0.239502564073 
0.256190627813 
0.261411488056 
0.26326239109 
0.254099369049 
0.302896440029 
0.261490255594 
0.23465244472 
0.269121468067 
0.24036334455 
0.24169793725 
0.256544977427 
0.265145152807 
0.246451437473 
0.236285567284 
0.249214351177 
0.251120686531 
0.268047451973 
0.244242399931 
0.259739011526 
0.236882045865 
0.255041450262 
0.274544864893 
0.249385148287 
0.28275513649 
0.27980735898 
0.263065725565 
0.263322114944 
0.264505922794 
0.279958814383 
0.266344815493 
0.237932115793 
0.227386817336 
0.26904040575 
0.23910087347 
0.22826705873 
0.243304029107 
0.255366325378 
0.279964119196 
0.237173706293 
0.254114449024 
0.283798545599 
0.292773157358 
0.257084071636 
0.239489257336 
0.274336695671 
0.267415463924 
0.253405213356 
0.234532818198 
0.23771739006 
0.272278547287 
0.256296664476 
0.262530386448 
0.27111184597 
0.247052848339 
0.251295298338 
0.262975543737 
0.266535520554 
0.257214784622 
0.254190921783 
0.274877279997 
0.273359984159 
0.257455617189 
0.294939786196 
0.280557215214 
0.267075419426 
0.280278116465 
0.24458989501 
0.266034007072 
0.282490134239 
0.296831518412 
0.256025731564 
0.282999545336 
0.234614193439 
0.248941525817 
0.235975041986 
0.244788825512 
0.271760046482 
0.264808177948 
0.269327938557 
0.241682618856 
0.247166857123 
0.259380280972 
0.270257592201 
0.269252926111 
0.252503573895 
0.263126730919 
0.255083411932 
0.250636190176 
0.248524159193 
0.250873923302 
0.259852737188 
0.24974437058 
0.243728339672 
0.248670041561 
0.288468658924 
0.275346726179 
0.266001850367 
0.278520345688 
0.275628179312 
0.25020557642 
0.249661013484 
0.268753379583 
0.275165677071 
0.248217865825 
0.259737670422 
0.247140675783 
0.245699822903 
0.277547210455 
0.263974964619 
0.237315684557 
0.290735155344 
0.291532307863 
0.252735108137 
0.265603780746 
0.258021950722 
0.242806240916 
0.262850821018 
0.25195068121 
0.251911967993 
0.23348069191 
0.264062255621 
0.269699990749 
0.232519432902 
0.248915165663 
0.292426764965 
0.252948969603 
0.252620220184 
0.248644262552 
0.248698115349 
0.250984728336 
0.250917285681 
0.284218460321 
0.230782434344 
0.29684472084 
0.249479979277 
0.247357591987 
0.242166548967 
0.267175614834 
0.277227550745 
0.289916545153 
0.269767820835 
0.265344798565 
0.273951977491 
0.252860337496 
0.289369732141 
0.241515442729 
0.246192961931 
0.241666525602 
0.258110880852 
0.244799345732 
0.248518690467 
0.223147690296 
0.246037513018 
0.256448924541 
0.252741128206 
0.237495481968 
0.261875241995 
0.248687043786 
0.258027851582 
0.284994274378 
0.248113304377 
0.242492482066 
0.245086684823 
0.249792695045 
0.261099845171 
0.236451685429 
0.253345072269 
0.230788886547 
0.240600124002 
0.257164299488 
0.263197779655 
0.266830265522 
0.250261574984 
0.243449255824 
0.249114453793 
0.240392819047 
0.246137663722 
0.237596765161 
0.280120879412 
0.253414094448 
0.268046677113 
0.293523192406 
0.244463205338 
0.28983220458 
0.277428984642 
0.247818350792 
0.277668744326 
0.248010739684 
0.259578645229 
0.265859991312 
0.25812548399 
0.247417509556 
0.240382105112 
0.262971282005 
0.294511795044 
0.255898088217 
0.237175270915 
0.245634585619 
0.253681004047 
0.25090187788 
0.26487532258 
0.232788473368 
0.236022889614 
0.248933449388 
0.27437210083 
0.261305660009 
0.227765589952 
0.269125014544 
0.25465965271 
0.267586708069 
0.257542580366 
0.263090014458 
0.251251071692 
0.247257709503 
0.241499334574 
0.246450290084 
0.240392789245 
0.232441872358 
0.24166148901 
0.253273010254 
0.225644811988 
0.23622122407 
0.258276581764 
0.260683387518 
0.235793992877 
0.250536352396 
0.250498622656 
0.239832893014 
0.239379018545 
0.26685115695 
0.239319801331 
0.263209342957 
0.246850013733 
0.238706484437 
0.244615644217 
0.276613295078 
0.257006525993 
0.262075811625 
0.263716250658 
0.274377137423 
0.262939602137 
0.25690677762 
0.252671867609 
0.269146770239 
0.235408067703 
0.287097930908 
0.255555778742 
0.240348562598 
0.234894454479 
0.283315330744 
0.253375887871 
0.267794966698 
0.248163178563 
0.266982495785 
0.258752673864 
0.24824206531 
0.238109663129 
0.252732127905 
0.256427884102 
0.2329249084 
0.241713881493 
0.236709162593 
0.286719083786 
0.252267003059 
0.239488407969 
0.241357088089 
0.230532482266 
0.274824976921 
0.236508592963 
0.247158974409 
0.261427819729 
0.256834119558 
0.271303772926 
0.247671872377 
0.24523639679 
0.272465825081 
0.272668480873 
0.236390814185 
0.241968840361 
0.236508980393 
0.248608827591 
0.253204405308 
0.226032808423 
0.219304606318 
0.251790165901 
0.246291548014 
0.237324044108 
0.241549968719 
0.217398434877 
0.24549138546 
0.218646690249 
0.196996286511 
0.225599169731 
0.217166721821 
0.331971347332 
0.213940620422 
0.282721549273 
0.231395021081 
0.249906390905 
0.233509704471 
0.24758772552 
0.251911580563 
0.253401637077 
0.243575751781 
0.290311872959 
0.251086443663 
0.228877916932 
0.259538024664 
0.233811199665 
0.235979959369 
0.248246535659 
0.258904367685 
0.236401647329 
0.229291334748 
0.241844192147 
0.24283427 
0.253905624151 
0.23887398839 
0.246767312288 
0.229525774717 
0.24595926702 
0.263188898563 
0.239409908652 
0.268925726414 
0.27191311121 
0.254830062389 
0.252484381199 
0.257505863905 
0.268966645002 
0.256848007441 
0.231547191739 
0.217279180884 
0.261122196913 
0.227170348167 
0.218207642436 
0.231937617064 
0.244962841272 
0.269268482924 
0.228298336267 
0.248245671391 
0.277018487453 
0.282646119595 
0.246816918254 
0.232799693942 
0.265974491835 
0.258552521467 
0.246736451983 
0.228567436337 
0.228353142738 
0.262298554182 
0.245483741164 
0.250567674637 
0.265028238297 
0.240335941315 
0.242603093386 
0.252264112234 
0.255866616964 
0.248449891806 
0.247589826584 
0.265323519707 
0.262738853693 
0.249280393124 
0.282577574253 
0.272595912218 
0.255515784025 
0.270002931356 
0.236344337463 
0.252996921539 
0.274740040302 
0.288616985083 
0.244285598397 
0.272500663996 
0.22609128058 
0.240374386311 
0.22895874083 
0.237442448735 
0.258068144321 
0.252765893936 
0.260043442249 
0.23468926549 
0.236723572016 
0.251013815403 
0.259218513966 
0.258733212948 
0.24455010891 
0.252434134483 
0.243308320642 
0.242929562926 
0.242883831263 
0.241898432374 
0.252577215433 
0.243915617466 
0.232193678617 
0.241995558143 
0.277390599251 
0.270719707012 
0.259562730789 
0.270167171955 
0.2647960186 
0.240690112114 
0.24494227767 
0.257181465626 
0.267798960209 
0.238294407725 
0.253024250269 
0.236519604921 
0.237982526422 
0.271662712097 
0.254192352295 
0.230646774173 
0.277996778488 
0.282537281513 
0.248526215553 
0.258143752813 
0.250124365091 
0.234350055456 
0.250140160322 
0.245730280876 
0.243314102292 
0.224358141422 
0.252336591482 
0.259572327137 
0.219922974706 
0.242588788271 
0.280456781387 
0.245937794447 
0.245156347752 
0.23862336576 
0.238249510527 
0.241232246161 
0.241880714893 
0.274536013603 
0.224909365177 
0.286809653044 
0.24167111516 
0.236795544624 
0.236703500152 
0.258243560791 
0.267905145884 
0.277229815722 
0.261643916368 
0.25850006938 
0.26436200738 
0.244281619787 
0.281123638153 
0.232001543045 
0.240253180265 
0.232421964407 
0.250374495983 
0.23615282774 
0.239822864532 
0.217418000102 
0.237312048674 
0.249225154519 
0.242347300053 
0.228320851922 
0.250588059425 
0.241703391075 
0.251520723104 
0.27780431509 
0.238734126091 
0.234504371881 
0.240235596895 
0.24061563611 
0.251442939043 
0.226789370179 
0.247087553144 
0.224920898676 
0.233215376735 
0.249128594995 
0.256522297859 
0.255898147821 
0.242237836123 
0.234391823411 
0.243546590209 
0.230298951268 
0.241107076406 
0.227390930057 
0.272119045258 
0.246415421367 
0.259054034948 
0.2835329175 
0.23824454844 
0.282288402319 
0.26528981328 
0.238620743155 
0.268150061369 
0.239731192589 
0.25148409605 
0.257047384977 
0.247463747859 
0.239673256874 
0.232758253813 
0.255747646093 
0.284560292959 
0.24722892046 
0.228311598301 
0.237141937017 
0.245910912752 
0.243274047971 
0.253262490034 
0.227137967944 
0.22783562541 
0.242291077971 
0.266209095716 
0.253084003925 
0.218151211739 
0.259162008762 
0.246816962957 
0.257569015026 
0.249029815197 
0.2571195364 
0.239091023803 
0.24152597785 
0.234486758709 
0.240767046809 
0.232736349106 
0.224792927504 
0.231487825513 
0.245127305388 
0.220116943121 
0.227676004171 
0.25018209219 
0.250585645437 
0.229366630316 
0.240112021565 
0.243016019464 
0.228412494063 
0.231439173222 
0.257872641087 
0.233550980687 
0.254738628864 
0.238830640912 
0.232033088803 
0.236522480845 
0.268250882626 
0.249682813883 
0.254890888929 
0.256946980953 
0.267330616713 
0.258235067129 
0.24921771884 
0.247477889061 
0.261024773121 
0.23014190793 
0.273411929607 
0.245692655444 
0.23515728116 
0.228736951947 
0.272238314152 
0.24584659934 
0.257724434137 
0.241211861372 
0.256615072489 
0.253456920385 
0.242154121399 
0.23415838182 
0.24592769146 
0.245558440685 
0.223038494587 
0.237540081143 
0.228722661734 
0.278610706329 
0.24616484344 
0.233109384775 
0.234115168452 
0.22256706655 
0.26708984375 
0.229947641492 
0.23701299727 
0.254920512438 
0.246975809336 
0.261337816715 
0.240090385079 
0.236220538616 
0.263885289431 
0.262846529484 
0.231954589486 
0.236712783575 
0.2300144732 
0.243977278471 
0.248532325029 
0.221164733171 
0.214925765991 
0.245153561234 
0.240189135075 
0.230861261487 
0.233853191137 
0.211852014065 
0.240656018257 
0.213708326221 
0.192228794098 
0.22162373364 
0.214614316821 
0.321193188429 
0.209913596511 
0.27062240243 
0.225761041045 
0.246381878853 
0.224934250116 
0.242148250341 
0.246592760086 
0.245338410139 
0.236391246319 
0.282110154629 
0.2404692173 
0.224645584822 
0.2530823946 
0.23034927249 
0.228799790144 
0.243242308497 
0.253166139126 
0.229745537043 
0.222257897258 
0.236739516258 
0.237007841468 
0.246434599161 
0.23130145669 
0.240727469325 
0.224911645055 
0.238781780005 
0.255723059177 
0.231788188219 
0.260073900223 
0.263612180948 
0.246594250202 
0.245119646192 
0.251746863127 
0.263557612896 
0.253396511078 
0.225122094154 
0.210689753294 
0.252754747868 
0.220230937004 
0.211440071464 
0.225143864751 
0.235814169049 
0.260306149721 
0.221094101667 
0.242609813809 
0.270751059055 
0.269540518522 
0.237742394209 
0.223293378949 
0.257763594389 
0.249865040183 
0.240272372961 
0.223926991224 
0.220677182078 
0.255964905024 
0.23957003653 
0.24225756526 
0.259416073561 
0.233211070299 
0.237721800804 
0.244435355067 
0.249226778746 
0.242981314659 
0.241953969002 
0.258864283562 
0.253866255283 
0.241956174374 
0.274668008089 
0.2634729743 
0.249113932252 
0.263966739178 
0.23052354157 
0.243367493153 
0.269711434841 
0.281320244074 
0.234539136291 
0.264350742102 
0.220313549042 
0.235827431083 
0.221308246255 
0.230129241943 
0.249624580145 
0.246097505093 
0.257261455059 
0.228974819183 
0.23249541223 
0.244247496128 
0.248571813107 
0.253802508116 
0.238214224577 
0.244433477521 
0.236183688045 
0.238640964031 
0.238700047135 
0.235638141632 
0.247903674841 
0.238326385617 
0.225778654218 
0.23653177917 
0.269508272409 
0.264420002699 
0.254382401705 
0.264285176992 
0.258709967136 
0.234241217375 
0.240791380405 
0.249475747347 
0.262271523476 
0.23242598772 
0.247108608484 
0.228775501251 
0.23471775651 
0.265134125948 
0.247678697109 
0.225237324834 
0.27071210742 
0.27553036809 
0.244534298778 
0.251900881529 
0.244550332427 
0.230052351952 
0.243103340268 
0.240780875087 
0.235335752368 
0.221596375108 
0.244583278894 
0.252435237169 
0.21535654366 
0.236321017146 
0.274307519197 
0.24101254344 
0.237030163407 
0.231160461903 
0.233221754432 
0.233244970441 
0.235420703888 
0.265177220106 
0.220568701625 
0.27788606286 
0.236061424017 
0.227689296007 
0.229572683573 
0.251820594072 
0.263367265463 
0.268138378859 
0.256004273891 
0.248587474227 
0.257935404778 
0.235491365194 
0.272252500057 
0.22687472403 
0.233090281487 
0.223495602608 
0.242823541164 
0.229866176844 
0.231981635094 
0.211529165506 
0.230054929852 
0.244044005871 
0.23218922317 
0.222080588341 
0.243090823293 
0.236948668957 
0.247069329023 
0.273308455944 
0.234308943152 
0.231780469418 
0.235018387437 
0.235361218452 
0.245575502515 
0.220314890146 
0.243857547641 
0.220269382 
0.22939029336 
0.245185703039 
0.250362128019 
0.252249032259 
0.23735524714 
0.229538187385 
0.240119636059 
0.228601515293 
0.2380091995 
0.222578346729 
0.265910327435 
0.240821942687 
0.253763645887 
0.277849853039 
0.23398180306 
0.274561315775 
0.258487612009 
0.233567237854 
0.261593818665 
0.233676880598 
0.246872216463 
0.250034242868 
0.240889877081 
0.236318975687 
0.225517213345 
0.252385705709 
0.279001832008 
0.242385327816 
0.223420530558 
0.231570124626 
0.242601588368 
0.235718101263 
0.248772382736 
0.222745597363 
0.222637549043 
0.238000616431 
0.256841421127 
0.247263729572 
0.213649630547 
0.255475848913 
0.243064567447 
0.252008467913 
0.24386651814 
0.251258790493 
0.232187628746 
0.235863730311 
0.230948865414 
0.236152052879 
0.225465655327 
0.220330670476 
0.224305063486 
0.240497455001 
0.216306760907 
0.224001839757 
0.244666710496 
0.243654295802 
0.226588070393 
0.234202727675 
0.238216161728 
0.221959650517 
0.226076364517 
0.251617997885 
0.230912014842 
0.250402420759 
0.234296545386 
0.227978363633 
0.229336559772 
0.261805742979 
0.24476505816 
0.247447624803 
0.251607000828 
0.260362029076 
0.251942396164 
0.243449181318 
0.239357724786 
0.258622020483 
0.224004164338 
0.263962268829 
0.237304031849 
0.230061352253 
0.224430114031 
0.265130013227 
0.240759521723 
0.251906722784 
0.234302610159 
0.253434538841 
0.244390547276 
0.236973106861 
0.228573441505 
0.240669161081 
0.239423140883 
0.217728421092 
0.234891816974 
0.224031656981 
0.270863831043 
0.240153536201 
0.227422639728 
0.22925542295 
0.218607872725 
0.258971989155 
0.226864472032 
0.233085021377 
0.250255286694 
0.243273034692 
0.254770845175 
0.235645964742 
0.232045859098 
0.259198188782 
0.257134407759 
0.228857189417 
0.232262894511 
0.226468190551 
0.237500756979 
0.245730414987 
0.218316361308 
0.211928516626 
0.240462899208 
0.235996901989 
0.224526301026 
0.229744553566 
0.206847429276 
0.237065479159 
0.209960266948 
0.188453674316 
0.220287650824 
0.211807265878 
0.312972515821 
0.206357210875 
0.264414131641 
0.217949390411 
0.240766942501 
0.22158831358 
0.235396012664 
0.240528911352 
0.238436445594 
0.230054169893 
0.276093810797 
0.233885139227 
0.219830110669 
0.248234093189 
0.226235598326 
0.225868210196 
0.239709734917 
0.247886449099 
0.224761918187 
0.217000514269 
0.231835350394 
0.233684077859 
0.23867829144 
0.227594181895 
0.236400693655 
0.221170753241 
0.23432071507 
0.250032484531 
0.225615933537 
0.255553901196 
0.258525699377 
0.242088571191 
0.238995999098 
0.247944459319 
0.258928835392 
0.247563332319 
0.221172243357 
0.205586656928 
0.246230706573 
0.216443508863 
0.204436227679 
0.218958795071 
0.232248291373 
0.25613579154 
0.21503983438 
0.238468915224 
0.264469355345 
0.26372885704 
0.233213827014 
0.218870401382 
0.252382487059 
0.243732720613 
0.236241027713 
0.2216707021 
0.215209946036 
0.25041782856 
0.236794501543 
0.235151410103 
0.255954563618 
0.232111290097 
0.233578011394 
0.240472525358 
0.24343958497 
0.238007053733 
0.237839385867 
0.25348675251 
0.247746959329 
0.235375717282 
0.26940870285 
0.255879223347 
0.243113130331 
0.257467657328 
0.225733056664 
0.235310122371 
0.266668409109 
0.269558995962 
0.229630425572 
0.257857441902 
0.216542199254 
0.228364214301 
0.215749248862 
0.226171776652 
0.240596413612 
0.240619063377 
0.250770628452 
0.224937275052 
0.227357417345 
0.238035023212 
0.241732686758 
0.248320102692 
0.234278067946 
0.236656725407 
0.229895055294 
0.233492419124 
0.233953267336 
0.23016320169 
0.242125928402 
0.234351739287 
0.220324784517 
0.230439126492 
0.264403879642 
0.259484469891 
0.249990329146 
0.258613616228 
0.25235798955 
0.230366706848 
0.235672444105 
0.243274316192 
0.256322354078 
0.228469371796 
0.241827696562 
0.225462645292 
0.230976089835 
0.262176543474 
0.242638990283 
0.221190646291 
0.261499226093 
0.26832023263 
0.242243513465 
0.24528247118 
0.240618675947 
0.224828675389 
0.237499520183 
0.234108150005 
0.22898901999 
0.216776460409 
0.238429784775 
0.246683672071 
0.208928242326 
0.23011611402 
0.268890023232 
0.237651884556 
0.233895540237 
0.225889459252 
0.228864058852 
0.230263754725 
0.230747371912 
0.257836788893 
0.217140257359 
0.270943075418 
0.231838032603 
0.221632197499 
0.223315060139 
0.24658280611 
0.254191309214 
0.260478883982 
0.249056458473 
0.246173426509 
0.249219059944 
0.231196284294 
0.266030877829 
0.221282914281 
0.227971076965 
0.214964777231 
0.239509984851 
0.225381031632 
0.226301565766 
0.206026539207 
0.224867418408 
0.237660780549 
0.222990468144 
0.217417404056 
0.234003528953 
0.230941131711 
0.241112008691 
0.264728486538 
0.229583472013 
0.222340241075 
0.22990424931 
0.230859383941 
0.240772292018 
0.213945016265 
0.236577019095 
0.215945616364 
0.224626928568 
0.23981513083 
0.241941288114 
0.245875254273 
0.231334269047 
0.221310660243 
0.234638229012 
0.223179787397 
0.23067946732 
0.218440905213 
0.25964230299 
0.236970931292 
0.249542281032 
0.270997107029 
0.229416280985 
0.265602767467 
0.255502432585 
0.226729422808 
0.257071912289 
0.228675946593 
0.245149001479 
0.242176324129 
0.237037524581 
0.234785422683 
0.221426740289 
0.250119149685 
0.270932257175 
0.236784636974 
0.217033669353 
0.228198543191 
0.239250600338 
0.230646789074 
0.245894685388 
0.217319697142 
0.218245893717 
0.233157590032 
0.250326365232 
0.242667287588 
0.20805875957 
0.250831663609 
0.238726869226 
0.247291192412 
0.239415675402 
0.246847450733 
0.227121412754 
0.232491210103 
0.227637633681 
0.232790589333 
0.221682325006 
0.217169091105 
0.221082821488 
0.235965773463 
0.21323338151 
0.221239387989 
0.239876538515 
0.240550458431 
0.22327978909 
0.230081245303 
0.235287323594 
0.21631616354 
0.222706198692 
0.244872391224 
0.227363809943 
0.247338682413 
0.231323257089 
0.226922959089 
0.223891422153 
0.257642477751 
0.239525705576 
0.243703424931 
0.248552784324 
0.254146933556 
0.247302010655 
0.24068364501 
0.23027600348 
0.253540158272 
0.220986649394 
0.256562054157 
0.233866646886 
0.224287718534 
0.221995949745 
0.257736235857 
0.235028088093 
0.245187580585 
0.227338016033 
0.247212067246 
0.23948469758 
0.230533763766 
0.225278824568 
0.2363152951 
0.232441008091 
0.215129494667 
0.230767935514 
0.222511440516 
0.263623297215 
0.235953494906 
0.224761784077 
0.225074693561 
0.213157832623 
0.251220196486 
0.221665129066 
0.227768883109 
0.245799273252 
0.238542959094 
0.248054772615 
0.231995731592 
0.226785466075 
0.253524780273 
0.252004861832 
0.225079670548 
0.228110551834 
0.222130715847 
0.233803927898 
0.241499736905 
0.213961035013 
0.209887772799 
0.235915377736 
0.23164331913 
0.220700085163 
0.22622422874 
0.203392878175 
0.231822565198 
0.205473601818 
0.18595059216 
0.216791629791 
0.209054514766 
0.304311931133 
0.203981071711 
0.257942080498 
0.213899880648 
0.237209051847 
0.218114718795 
0.230770528316 
0.238156676292 
0.232116013765 
0.227470427752 
0.272524893284 
0.231246978045 
0.215088933706 
0.246168211102 
0.224627122283 
0.221940428019 
0.237766683102 
0.243697568774 
0.219511911273 
0.213591754436 
0.228364884853 
0.230324953794 
0.233598649502 
0.225629404187 
0.230943515897 
0.218924760818 
0.232152357697 
0.246250793338 
0.222064733505 
0.251191496849 
0.253984421492 
0.237968221307 
0.235581576824 
0.244072034955 
0.255262434483 
0.244494497776 
0.218237027526 
0.203781291842 
0.241299167275 
0.213244855404 
0.200319647789 
0.213396430016 
0.230042144656 
0.251526355743 
0.21382175386 
0.233864292502 
0.261268556118 
0.258025914431 
0.230562612414 
0.215814247727 
0.250543028116 
0.238366752863 
0.234283208847 
0.218798875809 
0.211983203888 
0.248269408941 
0.236934989691 
0.231180533767 
0.253653436899 
0.232253015041 
0.228672906756 
0.238760620356 
0.239382326603 
0.234524250031 
0.23472109437 
0.248875916004 
0.243652105331 
0.23044089973 
0.267845422029 
0.25157007575 
0.240462318063 
0.253219813108 
0.222632035613 
0.231154173613 
0.259094208479 
0.261440813541 
0.224324628711 
0.251355320215 
0.21417465806 
0.22212973237 
0.21343639493 
0.222612246871 
0.236858800054 
0.236898690462 
0.248692259192 
0.222529187799 
0.224075198174 
0.233015432954 
0.237538173795 
0.244207501411 
0.23043936491 
0.232091844082 
0.224882468581 
0.230075910687 
0.229455456138 
0.225465551019 
0.237650051713 
0.228310197592 
0.217071563005 
0.226568937302 
0.261190623045 
0.255032598972 
0.24375705421 
0.255298316479 
0.245799958706 
0.226838678122 
0.23189266026 
0.237775310874 
0.249686941504 
0.226554736495 
0.235553070903 
0.222283869982 
0.226448431611 
0.257672786713 
0.236453533173 
0.217830479145 
0.25323459506 
0.263782262802 
0.239050671458 
0.239532873034 
0.236632689834 
0.220260933042 
0.231063574553 
0.231134563684 
0.225220069289 
0.213777855039 
0.233663514256 
0.241979748011 
0.205632895231 
0.224751085043 
0.264828890562 
0.232449352741 
0.229947626591 
0.221865087748 
0.224495604634 
0.227390497923 
0.224260881543 
0.253165006638 
0.213602662086 
0.266015946865 
0.229895621538 
0.218193903565 
0.21808347106 
0.244413003325 
0.249744161963 
0.256235212088 
0.245071724057 
0.24232006073 
0.245726838708 
0.225615218282 
0.262920856476 
0.216022133827 
0.225242227316 
0.211753457785 
0.233918875456 
0.222905114293 
0.223074898124 
0.203042298555 
0.220898360014 
0.231915861368 
0.218312978745 
0.215146794915 
0.228779017925 
0.226776227355 
0.237914383411 
0.26098588109 
0.228030219674 
0.21827711165 
0.227322727442 
0.227358728647 
0.234026163816 
0.210451066494 
0.233392655849 
0.21372744441 
0.222723662853 
0.238352864981 
0.239689156413 
0.242636412382 
0.227902233601 
0.21797503531 
0.23442235589 
0.220166966319 
0.22820545733 
0.213893026114 
0.256263643503 
0.235100314021 
0.246264770627 
0.26820614934 
0.226233839989 
0.260700881481 
0.247750118375 
0.22175770998 
0.251909911633 
0.22318662703 
0.242647364736 
0.234799534082 
0.232886657119 
0.22973805666 
0.215750515461 
0.244976192713 
0.265802770853 
0.233703747392 
0.213197425008 
0.224298194051 
0.235430032015 
0.226044625044 
0.242201462388 
0.214107692242 
0.216044202447 
0.230436012149 
0.244741559029 
0.238362729549 
0.203819260001 
0.24442909658 
0.236488938332 
0.241773828864 
0.235447257757 
0.244313791394 
0.223974317312 
0.229798078537 
0.223264589906 
0.229580044746 
0.218280062079 
0.210444435477 
0.217350825667 
0.228903457522 
0.213135540485 
0.218476831913 
0.235549539328 
0.238033279777 
0.220301792026 
0.227103978395 
0.230471789837 
0.21168717742 
0.218704938889 
0.240135639906 
0.224179312587 
0.24386164546 
0.227802380919 
0.224151462317 
0.221122592688 
0.256032049656 
0.235742136836 
0.238786518574 
0.245690196753 
0.251603513956 
0.242766946554 
0.2383492589 
0.226470142603 
0.250750243664 
0.219638705254 
0.2502861619 
0.229585528374 
0.220985546708 
0.220402479172 
0.250734746456 
0.231295838952 
0.240739777684 
0.226187244058 
0.242867276073 
0.237320184708 
0.228873595595 
0.222979709506 
0.231461286545 
0.229872748256 
0.212592974305 
0.227655634284 
0.219344809651 
0.258132398129 
0.233162760735 
0.223112627864 
0.221249237657 
0.21109649539 
0.2468085289 
0.220782086253 
0.225211918354 
0.243562027812 
0.235927805305 
0.242266625166 
0.232274770737 
0.224994897842 
0.251606851816 
0.250711262226 
0.222624719143 
0.226342454553 
0.218211784959 
0.230715945363 
0.238688036799 
0.211689189076 
0.207554042339 
0.232615217566 
0.229797631502 
0.217291891575 
0.223921760917 
0.2019123137 
0.230313003063 
0.201734155416 
0.183590948582 
0.215265825391 
0.206910222769 
0.30032864213 
0.202386125922 
0.250718802214 
0.213899344206 
0.233213037252 
0.215298891068 
0.228947117925 
0.236934274435 
0.23023417592 
0.223678931594 
0.270347237587 
0.22952914238 
0.213741526008 
0.24324272573 
0.222068056464 
0.21989671886 
0.235162466764 
0.240680992603 
0.216395735741 
0.211583137512 
0.225363343954 
0.226624280214 
0.231174752116 
0.221803605556 
0.228539720178 
0.215294316411 
0.230683863163 
0.243886560202 
0.218576714396 
0.247850090265 
0.249352708459 
0.236076384783 
0.232103735209 
0.239257618785 
0.254082679749 
0.24233750999 
0.21582493186 
0.200510144234 
0.239371851087 
0.209828823805 
0.196852207184 
0.211015313864 
0.226070225239 
0.247634485364 
0.209036484361 
0.231001958251 
0.258121132851 
0.2517991364 
0.227283671498 
0.210613816977 
0.247126430273 
0.234310895205 
0.229999020696 
0.217146396637 
0.209386453032 
0.244319006801 
0.232728093863 
0.227536186576 
0.24887701869 
0.227870836854 
0.226241618395 
0.233968630433 
0.236038759351 
0.230444431305 
0.232666179538 
0.245613232255 
0.236522808671 
0.228551983833 
0.263008117676 
0.247784256935 
0.236085399985 
0.25132894516 
0.218608185649 
0.227896392345 
0.255998730659 
0.25936794281 
0.221777319908 
0.24675270915 
0.210747420788 
0.221344619989 
0.208490774035 
0.220657274127 
0.232853204012 
0.234630942345 
0.245376169682 
0.219501584768 
0.221614062786 
0.229555055499 
0.233597993851 
0.242426812649 
0.227696761489 
0.22963540256 
0.22159551084 
0.228710249066 
0.226293474436 
0.222593516111 
0.23302552104 
0.224253579974 
0.215222015977 
0.221984550357 
0.257240414619 
0.251582682133 
0.240975812078 
0.252727627754 
0.239675059915 
0.222997039557 
0.227647274733 
0.233954355121 
0.245060041547 
0.222289532423 
0.230758056045 
0.218553543091 
0.222150444984 
0.253292918205 
0.232288435102 
0.216449424624 
0.247851073742 
0.261261492968 
0.237844511867 
0.236425995827 
0.232637196779 
0.220422968268 
0.226949438453 
0.229154378176 
0.222070008516 
0.211980253458 
0.231031268835 
0.237123459578 
0.204589545727 
0.222579658031 
0.263227283955 
0.230902016163 
0.227074950933 
0.217205524445 
0.223442137241 
0.22097556293 
0.221592798829 
0.251386016607 
0.212411522865 
0.260636240244 
0.228208094835 
0.213469192386 
0.213842332363 
0.241892129183 
0.246472463012 
0.252908468246 
0.240907669067 
0.238012075424 
0.241494566202 
0.222820937634 
0.25871026516 
0.213966488838 
0.220268860459 
0.209575459361 
0.22959908843 
0.221750333905 
0.221547245979 
0.201489388943 
0.220068871975 
0.225899457932 
0.215854555368 
0.21197129786 
0.225236564875 
0.224976837635 
0.233636602759 
0.258218348026 
0.225203752518 
0.215776950121 
0.225689291954 
0.22619202733 
0.23199942708 
0.207650348544 
0.231376171112 
0.212298348546 
0.220279768109 
0.238015010953 
0.237046211958 
0.240149840713 
0.225337192416 
0.214449301362 
0.231160119176 
0.216561824083 
0.224519699812 
0.211646109819 
0.2532761693 
0.23118391633 
0.242247611284 
0.26555070281 
0.224940910935 
0.258505046368 
0.243396699429 
0.220837146044 
0.248939558864 
0.221527710557 
0.240041509271 
0.231937900186 
0.228851437569 
0.228535473347 
0.212501674891 
0.241672933102 
0.258308142424 
0.231090292335 
0.208619013429 
0.220537051558 
0.234182938933 
0.222407162189 
0.240769088268 
0.21202403307 
0.215448126197 
0.228238493204 
0.240913376212 
0.234941989183 
0.199671074748 
0.244037643075 
0.232236087322 
0.239613905549 
0.233248084784 
0.241580367088 
0.218959480524 
0.22471369803 
0.219658330083 
0.226758316159 
0.214892029762 
0.206396311522 
0.214535862207 
0.225857526064 
0.209879845381 
0.216630890965 
0.230798244476 
0.237045064569 
0.218963295221 
0.221113830805 
0.229584440589 
0.206364601851 
0.215954452753 
0.235977366567 
0.21951058507 
0.241698920727 
0.223469212651 
0.222781509161 
0.219051212072 
0.249621346593 
0.234043166041 
0.2359020859 
0.243391245604 
0.249519407749 
0.237763926387 
0.236114248633 
0.222239792347 
0.245775952935 
0.218108773232 
0.247615143657 
0.227110266685 
0.219886094332 
0.217021748424 
0.248018056154 
0.229895547032 
0.2368927598 
0.224456161261 
0.24209330976 
0.234985947609 
0.225202322006 
0.219775632024 
0.230509892106 
0.224335968494 
0.212222531438 
0.227958217263 
0.213910058141 
0.251050323248 
0.229025945067 
0.221683502197 
0.217708081007 
0.20786242187 
0.242314502597 
0.216468527913 
0.222516238689 
0.239112600684 
0.233009979129 
0.236616909504 
0.226862460375 
0.222908124328 
0.24595092237 
0.246052309871 
0.218772605062 
0.223110601306 
0.214973837137 
0.228458195925 
0.237413108349 
0.210341989994 
0.205272883177 
0.228653460741 
0.227402463555 
0.214703425765 
0.221146017313 
0.19919757545 
0.227745488286 
0.199503168464 
0.181543394923 
0.215364098549 
0.205077007413 
0.29551461339 
0.200632855296 
0.244745641947 
0.209016025066 
0.230305552483 
0.211574584246 
0.222518637776 
0.233579099178 
0.226768895984 
0.220034241676 
0.267205119133 
0.222691997886 
0.212049305439 
0.240902394056 
0.218797132373 
0.215606823564 
0.231430336833 
0.235086247325 
0.214420601726 
0.206003606319 
0.220913693309 
0.223171800375 
0.226552203298 
0.218108192086 
0.22299413383 
0.211193233728 
0.22692155838 
0.239429265261 
0.216512545943 
0.244683519006 
0.247700601816 
0.233450159431 
0.230369433761 
0.235968351364 
0.250061988831 
0.240429610014 
0.215046554804 
0.19796538353 
0.235907956958 
0.206054523587 
0.194232448936 
0.207600280643 
0.223393976688 
0.24329277873 
0.205502718687 
0.227811530232 
0.255019426346 
0.24820035696 
0.222683221102 
0.208442687988 
0.243320584297 
0.231238424778 
0.225949779153 
0.214658081532 
0.2061509341 
0.2431845963 
0.227369397879 
0.226391971111 
0.244837105274 
0.227589502931 
0.22409850359 
0.230740144849 
0.233303979039 
0.22967864573 
0.229518517852 
0.240310400724 
0.236197799444 
0.224270954728 
0.258011013269 
0.244172722101 
0.231313914061 
0.247078284621 
0.216156676412 
0.224189370871 
0.252270340919 
0.253392100334 
0.218579351902 
0.243397682905 
0.208213925362 
0.216945052147 
0.203690558672 
0.217214226723 
0.229147225618 
0.230724975467 
0.242546379566 
0.21694239974 
0.218758761883 
0.225753337145 
0.229344367981 
0.23850800097 
0.224642843008 
0.226600527763 
0.218548536301 
0.224276125431 
0.225500136614 
0.219647362828 
0.229640677571 
0.222433879972 
0.21085165441 
0.217811465263 
0.25589632988 
0.247047781944 
0.239942103624 
0.248882055283 
0.23635661602 
0.220928147435 
0.225225761533 
0.229926899076 
0.242104128003 
0.218642681837 
0.228678956628 
0.217691332102 
0.218721181154 
0.250984787941 
0.230360642076 
0.214419439435 
0.24209484458 
0.258402496576 
0.234156504273 
0.233413860202 
0.230284318328 
0.217281207442 
0.223046705127 
0.22527641058 
0.220143333077 
0.209567666054 
0.227076366544 
0.23262681067 
0.200315997005 
0.22018353641 
0.259785026312 
0.228381097317 
0.224423781037 
0.214751839638 
0.221119135618 
0.217593312263 
0.218381822109 
0.244752451777 
0.210790723562 
0.256832897663 
0.224783077836 
0.211214587092 
0.211364716291 
0.240096375346 
0.244998082519 
0.251277506351 
0.239821627736 
0.234730452299 
0.23848938942 
0.217830136418 
0.258947610855 
0.211208313704 
0.219322502613 
0.205735743046 
0.226833358407 
0.219056740403 
0.218638896942 
0.199162885547 
0.215721622109 
0.222624778748 
0.211468115449 
0.208390071988 
0.220311507583 
0.221411794424 
0.230251282454 
0.254934221506 
0.221502900124 
0.212141528726 
0.223645433784 
0.223632618785 
0.227631822228 
0.203741237521 
0.227674886584 
0.210845679045 
0.219437405467 
0.232595384121 
0.232339173555 
0.235946089029 
0.221551403403 
0.211541220546 
0.227688267827 
0.214664980769 
0.221944093704 
0.207663208246 
0.251740217209 
0.229768559337 
0.239263445139 
0.262697160244 
0.22141225636 
0.253288477659 
0.240135639906 
0.216537132859 
0.245878785849 
0.218535661697 
0.237610578537 
0.229048281908 
0.226255252957 
0.2263712883 
0.211231321096 
0.23853456974 
0.255380243063 
0.226753339171 
0.205135047436 
0.218228846788 
0.231297239661 
0.21898829937 
0.237301588058 
0.210413053632 
0.214519813657 
0.223737210035 
0.236812204123 
0.230143129826 
0.195431053638 
0.240915298462 
0.229136958718 
0.237096220255 
0.23064045608 
0.239873737097 
0.217095181346 
0.221520721912 
0.21947196126 
0.22324450314 
0.21229942143 
0.202960029244 
0.210419103503 
0.223111838102 
0.208258584142 
0.214352607727 
0.227669551969 
0.232897415757 
0.218700319529 
0.217969730496 
0.225192919374 
0.203431427479 
0.211551889777 
0.23378688097 
0.217071816325 
0.239128440619 
0.221870616078 
0.219648778439 
0.216786190867 
0.24342623353 
0.232055768371 
0.230428531766 
0.241595461965 
0.246915206313 
0.234683126211 
0.235758110881 
0.218477860093 
0.241368830204 
0.21441629529 
0.241187289357 
0.224672779441 
0.216552227736 
0.215945512056 
0.242773741484 
0.226943165064 
0.232745185494 
0.221244320273 
0.238251239061 
0.232902467251 
0.220620542765 
0.216832444072 
0.227159559727 
0.218996345997 
0.208550691605 
0.224396780133 
0.210764020681 
0.249962806702 
0.224520877004 
0.218896612525 
0.21441142261 
0.205286040902 
0.238484710455 
0.21428053081 
0.218806609511 
0.237079292536 
0.230860516429 
0.232688516378 
0.226307153702 
0.219032362103 
0.244167178869 
0.245035812259 
0.21785852313 
0.220328912139 
0.212700635195 
0.22512550652 
0.2354644835 
0.207815587521 
0.20360532403 
0.22633330524 
0.224633961916 
0.209621146321 
0.219468086958 
0.196747601032 
0.226569324732 
0.199298769236 
0.180429756641 
0.214237511158 
0.203080922365 
0.291373372078 
0.197906658053 
0.240883693099 
0.206886470318 
