3.27461075783 
3.1388437748 
2.98197245598 
2.69409012794 
2.46035003662 
2.24543118477 
2.0763502121 
1.76060163975 
1.54903686047 
1.35348892212 
1.20063400269 
1.05837905407 
1.02681469917 
0.996458172798 
0.89466381073 
0.9192892313 
0.933854937553 
0.905452251434 
0.910024046898 
0.893680751324 
0.88192397356 
0.898039221764 
0.886308789253 
0.892110109329 
0.884981632233 
0.887096524239 
0.863326013088 
0.821743607521 
0.821308672428 
0.843218803406 
0.83036673069 
0.771035790443 
0.842772722244 
0.769988715649 
0.768694519997 
0.777608513832 
0.79859572649 
0.80431330204 
0.794509291649 
0.800504267216 
0.756018042564 
0.782449007034 
0.7487398386 
0.787022352219 
0.77228474617 
0.759230077267 
0.788492918015 
0.749100208282 
0.797226071358 
0.789424300194 
0.72537791729 
0.725922703743 
0.750069081783 
0.714848458767 
0.742091655731 
0.75203037262 
0.698397517204 
0.719666838646 
0.753898620605 
0.698200881481 
0.718534946442 
0.761818110943 
0.761233508587 
0.771676003933 
0.709706842899 
0.694190979004 
0.714690089226 
0.710365891457 
0.691530287266 
0.71743118763 
0.720463633537 
0.710500836372 
0.713501095772 
0.739120841026 
0.716005980968 
0.67714703083 
0.702692389488 
0.665037870407 
0.682194590569 
0.669034779072 
0.722542047501 
0.669461369514 
0.679629087448 
0.694982230663 
0.694796442986 
0.682062268257 
0.688347816467 
0.716171383858 
0.6852684021 
0.652946412563 
0.684828519821 
0.699378848076 
0.664799928665 
0.665860950947 
0.69238960743 
0.70366191864 
0.630340337753 
0.684053301811 
0.630920290947 
0.670339345932 
0.64757925272 
0.654342889786 
0.67526358366 
0.671314537525 
0.656410217285 
0.644125640392 
0.637142539024 
0.673174381256 
0.643348872662 
0.625842213631 
0.635332167149 
0.633215546608 
0.656021893024 
0.61258482933 
0.637327194214 
0.651600539684 
0.642160773277 
0.694223999977 
0.617523670197 
0.620798230171 
0.632483363152 
0.601075291634 
0.665822863579 
0.64525270462 
0.639591932297 
0.640590131283 
0.587581992149 
0.649167060852 
0.622055232525 
0.610930323601 
0.62646895647 
0.591328322887 
0.589247941971 
0.590266704559 
0.647411108017 
0.612267613411 
0.575827658176 
0.609238624573 
0.607786655426 
0.547693014145 
0.582303881645 
0.584892749786 
0.610067605972 
0.54796487093 
0.603743195534 
0.579443335533 
0.575679957867 
0.608850955963 
0.583364009857 
0.62436580658 
0.581217944622 
0.559856295586 
0.590841412544 
0.559754431248 
0.572689771652 
0.576382398605 
0.591615617275 
0.575959146023 
0.575869739056 
0.54253667593 
0.580703318119 
0.565026640892 
0.531626224518 
0.59790802002 
0.576327800751 
0.578532934189 
0.556967973709 
0.602711379528 
0.578465819359 
0.534034132957 
0.546719670296 
0.576557457447 
0.541081607342 
0.537108898163 
0.561927914619 
0.559983611107 
0.562009572983 
0.570617794991 
0.581032991409 
0.562863826752 
0.510773777962 
0.566370427608 
0.535479545593 
0.572120428085 
0.546614050865 
0.554541230202 
0.534041464329 
0.516143858433 
0.550848126411 
0.616768717766 
0.527335345745 
0.541241765022 
0.546461164951 
0.53313434124 
0.535848796368 
0.509625554085 
0.512790799141 
0.556839823723 
0.540898323059 
0.511566400528 
0.578251600266 
0.541619181633 
0.553210020065 
0.513128936291 
0.504209816456 
0.53897768259 
0.495913118124 
0.53338944912 
0.543876767159 
0.551574349403 
0.525409162045 
0.574282705784 
0.491225659847 
0.56826210022 
0.539475798607 
0.513820886612 
0.540519595146 
0.53468978405 
0.533369004726 
0.549994111061 
0.587920308113 
0.563914775848 
0.517632365227 
0.525218605995 
0.54760748148 
0.534039497375 
0.482920706272 
0.522041082382 
0.529062747955 
0.545864880085 
0.5207259655 
0.510679244995 
0.469303071499 
0.498289823532 
0.509829699993 
0.530208587646 
0.531320929527 
0.533967673779 
0.552927494049 
0.485676825047 
0.479399204254 
0.477026581764 
0.49573418498 
0.554917037487 
0.519950568676 
0.503696143627 
0.524629712105 
0.515030503273 
0.504525542259 
0.511719107628 
0.529299616814 
0.536249756813 
0.518713414669 
0.526194572449 
0.489094495773 
0.512051343918 
0.490357130766 
0.541484892368 
0.517106890678 
0.466603785753 
0.507807075977 
0.514862179756 
0.532334625721 
0.53277528286 
0.524800777435 
0.490204542875 
0.513456821442 
0.519287109375 
0.491378545761 
0.521505117416 
0.524850726128 
0.514408588409 
0.516535878181 
0.495916545391 
0.505821526051 
0.475562214851 
0.528026878834 
0.506399154663 
0.474533081055 
0.516411304474 
0.526454091072 
0.511151313782 
0.515194237232 
0.510691761971 
0.475134372711 
0.519429802895 
0.492776930332 
0.507832050323 
0.502408087254 
0.484357953072 
0.514446377754 
0.497300893068 
0.459955126047 
0.511716842651 
0.476022034883 
0.484099328518 
0.489481717348 
0.516601860523 
0.486390769482 
0.499218404293 
0.489836633205 
0.495638728142 
0.500668823719 
0.457743048668 
0.473018437624 
0.492244362831 
0.499901950359 
0.43595379591 
0.509374439716 
0.473347604275 
0.460085183382 
0.470657289028 
0.457774311304 
0.509298324585 
0.495772242546 
0.474684119225 
0.50606584549 
0.499025940895 
0.504675626755 
0.510093331337 
0.484972000122 
0.472247779369 
0.474340796471 
0.486932992935 
0.513881206512 
0.539419412613 
0.500988543034 
0.490710556507 
0.46786493063 
0.511833846569 
0.465749800205 
0.460311412811 
0.490054130554 
0.459253251553 
0.44219148159 
0.448287576437 
0.498813420534 
0.509036123753 
0.46481859684 
0.49499258399 
0.465436637402 
0.494857788086 
0.464161217213 
0.485769152641 
0.501372098923 
0.482290744781 
0.494951993227 
0.499902278185 
0.516828656197 
0.510553121567 
0.442804038525 
0.468656718731 
0.463134735823 
0.473264694214 
0.462185204029 
0.471948444843 
0.474411815405 
0.470775991678 
0.486887693405 
0.465177029371 
0.482810765505 
0.518459439278 
0.457033753395 
0.482193291187 
0.472650945187 
0.468683570623 
0.477373838425 
0.493308484554 
0.454268664122 
0.472731173038 
0.48568803072 
0.461072921753 
0.486152648926 
0.464403867722 
0.503195226192 
0.462713271379 
0.471218258142 
0.466767668724 
0.483618140221 
0.463057637215 
0.423198699951 
0.482486784458 
0.467784523964 
0.489366173744 
0.451219260693 
0.441379904747 
0.481933265924 
0.493572831154 
0.463382661343 
0.473541885614 
0.462951540947 
0.475276887417 
0.463237226009 
0.44788390398 
0.526207864285 
0.486464977264 
0.472213208675 
0.481006383896 
0.407865613699 
0.495992809534 
0.45199868083 
0.452526450157 
0.473123818636 
0.453154742718 
0.445808768272 
0.441019147635 
0.489602506161 
0.455917626619 
0.454405426979 
0.43897792697 
0.482723414898 
0.473776459694 
0.495141327381 
0.47032803297 
0.495162963867 
0.455451130867 
0.450847536325 
0.474007815123 
0.42743062973 
0.467154741287 
0.464607477188 
0.45378112793 
0.486612141132 
0.463338434696 
0.453649252653 
0.460872530937 
0.444768965244 
0.506623923779 
0.472881436348 
0.450571209192 
0.469193071127 
0.458197325468 
0.452428638935 
0.452495515347 
0.475714236498 
0.490104973316 
0.435631334782 
0.474271178246 
0.45407757163 
0.443147331476 
0.458941459656 
0.454912126064 
0.44629907608 
0.413286209106 
0.466590791941 
0.476159095764 
0.442512571812 
0.464376449585 
0.457498908043 
0.488382875919 
0.466277241707 
0.438585579395 
0.455163300037 
0.439469903708 
0.459190905094 
0.438959211111 
0.471885770559 
0.471665322781 
0.447669923306 
0.405129253864 
0.428984344006 
0.459567844868 
0.419188529253 
0.492616891861 
0.482434213161 
0.432048112154 
0.442546129227 
0.505088567734 
0.480025887489 
0.428164750338 
0.449698805809 
0.491065979004 
0.420662552118 
0.452899605036 
0.446997225285 
0.450835347176 
0.43427157402 
0.475397825241 
0.480777591467 
0.443932205439 
0.408250927925 
0.469990432262 
0.43600705266 
0.489335030317 
0.419235944748 
0.437893986702 
0.446659207344 
0.410416781902 
0.430785596371 
0.494342207909 
0.470721691847 
0.463337987661 
0.463829636574 
0.425690889359 
0.460498571396 
0.393651723862 
0.420262426138 
0.439193576574 
0.458246827126 
0.429115891457 
0.478102684021 
0.451689630747 
0.443403214216 
0.430994153023 
0.391572594643 
0.442756652832 
0.449353814125 
0.443869799376 
0.461719572544 
0.443823039532 
0.465687990189 
0.486136525869 
0.420092582703 
0.469864010811 
0.462164491415 
0.456172585487 
0.488697588444 
0.461853176355 
0.463302254677 
0.440515697002 
0.472797334194 
0.460299342871 
0.42843785882 
0.456939250231 
0.494098961353 
0.451874911785 
0.438845813274 
0.474184125662 
0.477128922939 
0.459375232458 
0.473559349775 
0.434795618057 
0.40516346693 
0.439623296261 
0.453725934029 
0.471687316895 
0.485401749611 
0.488087832928 
0.461177587509 
0.414313197136 
0.401389598846 
0.419301867485 
0.427456587553 
0.475879639387 
0.428709626198 
0.434058398008 
0.416341632605 
0.446776270866 
0.450939178467 
0.448011010885 
0.478910326958 
0.455961227417 
0.459320068359 
0.469604462385 
0.429474890232 
0.464741617441 
0.44615060091 
0.461971282959 
0.43516382575 
0.390564501286 
0.435400605202 
0.450172901154 
0.462312251329 
0.465878427029 
0.44344162941 
0.452844500542 
0.459383666515 
0.453225195408 
0.426017701626 
0.453374266624 
0.478929042816 
0.447485029697 
0.470601797104 
0.44041210413 
0.481832027435 
0.423675954342 
0.462176561356 
0.467229902744 
0.399582087994 
0.487167149782 
0.463005125523 
0.440197825432 
0.441587179899 
0.451204538345 
0.459630906582 
0.476821392775 
0.41586381197 
0.460382729769 
0.449369490147 
0.42332264781 
0.455359816551 
0.451030790806 
0.399014741182 
0.43215572834 
0.414824008942 
0.411994636059 
0.45788705349 
0.456659078598 
0.441258013248 
0.4224845469 
0.430031955242 
0.447551429272 
0.459381520748 
0.399594843388 
0.412665188313 
0.461307913065 
0.454888045788 
0.383033514023 
0.44984972477 
0.422746539116 
0.438029050827 
0.410594284534 
0.411061912775 
0.456308066845 
0.429458647966 
0.404825329781 
0.446172118187 
0.479512929916 
0.441340178251 
0.455138444901 
0.390253067017 
0.426930397749 
0.423469781876 
0.437400519848 
0.443993926048 
0.487202078104 
0.454997509718 
0.43050339818 
0.427392989397 
0.447577148676 
0.410698026419 
0.394266188145 
0.436428427696 
0.432344555855 
0.406091272831 
0.424858510494 
0.458903551102 
0.462708234787 
0.422967046499 
0.441407978535 
0.445379197598 
0.467771172523 
0.428031623363 
0.444116771221 
0.456998050213 
0.454294979572 
0.443027973175 
0.4647346735 
0.457332789898 
0.457512766123 
0.415425896645 
0.423248887062 
0.409028530121 
0.417479515076 
0.415496766567 
0.437339454889 
0.435092508793 
0.41338044405 
0.435075044632 
0.431437432766 
0.429317802191 
0.465952455997 
0.408526092768 
0.473543524742 
0.417493402958 
0.442188501358 
0.444785654545 
0.447650194168 
0.411284208298 
0.429771065712 
0.441491723061 
0.419709742069 
0.44427472353 
0.419122338295 
0.421606719494 
0.418279260397 
0.417015552521 
0.425501257181 
0.464988708496 
0.396538347006 
0.415260225534 
0.406978726387 
0.427668333054 
0.470484316349 
0.428936988115 
0.424828052521 
0.4356944561 
0.459868788719 
0.451846152544 
0.441933751106 
0.439370930195 
0.4517801404 
0.430721759796 
0.435685068369 
0.450329065323 
0.466320216656 
0.410359799862 
0.430578708649 
0.400933682919 
0.447288751602 
0.443948328495 
0.4146463871 
0.442503511906 
0.4200309515 
0.407377749681 
0.406426876783 
0.440167069435 
0.406078368425 
0.434720218182 
0.386577308178 
0.453301727772 
0.435932457447 
0.480351239443 
0.430448591709 
0.462020516396 
0.404695570469 
0.422780334949 
0.447246193886 
0.410770833492 
0.403877079487 
0.422645896673 
0.406065165997 
0.467183947563 
0.435655653477 
0.411677420139 
0.42563688755 
0.391335487366 
0.462100446224 
0.429679572582 
0.39735519886 
0.44866591692 
0.406701028347 
0.416248589754 
0.436997830868 
0.44823539257 
0.451427876949 
0.406936168671 
0.421428263187 
0.423045933247 
0.407581269741 
0.420331895351 
0.414724647999 
0.420377910137 
0.365902781487 
0.42787283659 
0.425977826118 
0.434358596802 
0.430699706078 
0.417857527733 
0.447045981884 
0.434395372868 
0.386731505394 
0.419307529926 
0.397363126278 
0.421211212873 
0.428956508636 
0.419914633036 
0.440446734428 
0.432061254978 
0.387648552656 
0.41633310914 
0.415457040071 
0.378282934427 
0.468960881233 
0.427369594574 
0.406712830067 
0.421114802361 
0.469720810652 
0.433920621872 
0.407672047615 
0.436869680882 
0.43804076314 
0.414096683264 
0.424247354269 
0.440226793289 
0.412725031376 
0.45392075181 
0.458462893963 
0.439063221216 
0.370627164841 
0.39821228385 
0.426731526852 
0.388904631138 
0.452994346619 
0.408498644829 
0.416503071785 
0.410845965147 
0.375532180071 
0.39636182785 
0.467208653688 
0.405075222254 
0.417850673199 
0.428046286106 
0.392409443855 
0.433128476143 
0.370727062225 
0.39189645648 
0.410640865564 
0.401454865932 
0.399618387222 
0.441306948662 
0.412913292646 
0.434279620647 
0.40479978919 
0.392139643431 
0.425836294889 
0.42511638999 
0.425249785185 
0.426783025265 
0.420930147171 
0.422246098518 
0.472821295261 
0.36409676075 
0.447914302349 
0.421415448189 
0.428601205349 
0.461628675461 
0.417862713337 
0.414166808128 
0.390884071589 
0.436059325933 
0.434083491564 
0.419979542494 
0.400995075703 
0.4635643363 
0.414857417345 
0.39923530817 
0.40227162838 
0.435848414898 
0.449750304222 
0.445624530315 
0.417887628078 
0.367294549942 
0.400992810726 
0.417447000742 
0.438457369804 
0.429957747459 
0.445027530193 
0.428351640701 
0.396079599857 
0.38250374794 
0.402163535357 
0.411618739367 
0.444111615419 
0.431878209114 
0.393887042999 
0.384460270405 
0.4108902812 
0.42050331831 
0.427965551615 
0.433268249035 
0.433099418879 
0.447434484959 
0.426476120949 
0.412321507931 
0.444403409958 
0.412393212318 
0.432301819324 
0.419092714787 
0.396875917912 
0.419544219971 
0.452206462622 
0.436493635178 
0.433362603188 
0.416778683662 
0.418874204159 
0.423934131861 
0.440717220306 
0.421591520309 
0.433971822262 
0.445654183626 
0.435271918774 
0.412944197655 
0.389758348465 
0.426969230175 
0.389208912849 
0.429483443499 
0.423736810684 
0.402935147285 
0.424487709999 
0.453703731298 
0.417272150517 
0.443978607655 
0.416816294193 
0.429876506329 
0.439544677734 
0.398374170065 
0.453509569168 
0.417829215527 
0.404002189636 
0.415184736252 
0.4164904356 
0.390548110008 
0.425309658051 
0.38377904892 
0.405002355576 
0.39382815361 
0.444201499224 
0.413280308247 
0.400596678257 
0.406356424093 
0.41701477766 
0.438198208809 
0.395405292511 
0.387172400951 
0.433902025223 
0.439835578203 
0.358531057835 
0.421761274338 
0.40448603034 
0.401241004467 
0.405111044645 
0.378728032112 
0.441731452942 
0.420008301735 
0.405967593193 
0.440187752247 
0.432857275009 
0.419089019299 
0.430233418941 
0.380548477173 
0.410759866238 
0.384087324142 
0.430336892605 
0.440395802259 
0.452514588833 
0.44787967205 
0.404749214649 
0.398154318333 
0.432741582394 
0.392060697079 
0.377021253109 
0.428923726082 
0.408210456371 
0.381232261658 
0.387296557426 
0.432311624289 
0.438132882118 
0.427736759186 
0.438559353352 
0.404482543468 
0.430448651314 
0.401696264744 
0.429163992405 
0.445338279009 
0.412643998861 
0.422374159098 
0.423528373241 
0.446995019913 
0.433230400085 
0.363073259592 
0.381874084473 
0.39205494523 
0.411134570837 
0.392009973526 
0.415144085884 
0.400227367878 
0.411126822233 
0.389579832554 
0.406364619732 
0.415408313274 
0.422713190317 
0.390232801437 
0.452406972647 
0.418385714293 
0.4164904356 
0.422150075436 
0.423339128494 
0.386699616909 
0.428931295872 
0.416325569153 
0.383458346128 
0.408508837223 
0.41116720438 
0.424290657043 
0.39133387804 
0.376504838467 
0.400311917067 
0.417990386486 
0.374987572432 
0.392098546028 
0.395337760448 
0.418499708176 
0.443665027618 
0.410322099924 
0.387408405542 
0.425227046013 
0.437279105186 
0.423686921597 
0.432621985674 
0.442246615887 
0.411895930767 
0.411166191101 
0.389275431633 
0.417150437832 
0.435940742493 
0.410989761353 
0.405532002449 
0.377786517143 
0.424523115158 
0.402302086353 
0.408728897572 
0.413897156715 
0.40668207407 
0.398850172758 
0.399465620518 
0.403373122215 
0.409942477942 
0.397279441357 
0.395624935627 
0.44021832943 
0.411030054092 
0.451828300953 
0.422416687012 
0.430263012648 
0.407371848822 
0.391238927841 
0.455802947283 
0.378354012966 
0.374479293823 
0.406019508839 
0.40750837326 
0.468320846558 
0.405554711819 
0.390354514122 
0.398123681545 
0.382880926132 
0.436372339725 
0.438070118427 
0.410141825676 
0.4070956707 
0.379586219788 
0.3822504282 
0.406504482031 
0.429335385561 
0.425401687622 
0.373838841915 
0.402286529541 
0.406318604946 
0.398785829544 
0.437685728073 
0.400753557682 
0.414614379406 
0.377149760723 
0.397564888 
0.404732227325 
0.386430889368 
0.423772752285 
0.410899221897 
0.433269321918 
0.430469304323 
0.426168143749 
0.392395406961 
0.369339942932 
0.423405826092 
0.409890532494 
0.395412147045 
0.433657169342 
0.40821737051 
0.34514439106 
0.382916808128 
0.406170040369 
0.341729044914 
0.429306209087 
0.398288905621 
0.407196521759 
0.381798803806 
0.426221489906 
0.417762637138 
0.3827932477 
0.414134413004 
0.41096290946 
0.396442115307 
0.402610421181 
0.394353508949 
0.417275249958 
0.402694523335 
0.443199932575 
0.416911303997 
0.379655092955 
0.391985088587 
0.437462478876 
0.389923512936 
0.431499153376 
0.391592085361 
0.399337977171 
0.409592449665 
0.360192239285 
0.40132856369 
0.436198115349 
0.385560810566 
0.394030928612 
0.419863522053 
0.400106161833 
0.418605923653 
0.368024408817 
0.372615635395 
0.42039000988 
0.427316755056 
0.392290174961 
0.447680860758 
0.428445965052 
0.393616944551 
0.38320723176 
0.363484084606 
0.401393949986 
0.377480626106 
0.404576480389 
0.397652566433 
0.418192058802 
0.429209887981 
0.426047354937 
0.40114313364 
0.421167254448 
0.395210057497 
0.396957278252 
0.42261698842 
0.410132467747 
0.404244303703 
0.441347658634 
0.425723671913 
0.453539669514 
0.40703099966 
0.390888631344 
0.427090644836 
0.391863614321 
0.377417564392 
0.391593009233 
0.435039937496 
0.421643018723 
0.413288712502 
0.375377118587 
0.372622460127 
0.37119024992 
0.409304559231 
0.438710331917 
0.414435327053 
0.438173532486 
0.416589617729 
0.391212552786 
0.371751695871 
0.377033233643 
0.392116963863 
0.427224218845 
0.380231142044 
0.384278833866 
0.395315557718 
0.396122932434 
0.402568340302 
0.402192294598 
0.408253550529 
0.408436000347 
0.421724766493 
0.423863768578 
0.373221963644 
0.421626329422 
0.38904851675 
0.435804128647 
0.412911236286 
0.367859303951 
0.404567301273 
0.415002942085 
0.411596119404 
0.403711616993 
0.411957621574 
0.428094208241 
0.427415847778 
0.417083114386 
0.414875686169 
0.425769269466 
0.424178570509 
0.402960121632 
0.411882847548 
0.373915225267 
0.410857230425 
0.386057674885 
0.427259624004 
0.415228188038 
0.373432487249 
0.392978549004 
0.425721585751 
0.435387760401 
0.398092150688 
0.406751096249 
0.399619668722 
0.418676644564 
0.387900233269 
0.40560400486 
0.410711169243 
0.382498055696 
0.408575475216 
0.413889199495 
0.375275045633 
0.387484371662 
0.386410146952 
0.384079813957 
0.381237864494 
0.429449111223 
0.387279987335 
0.398764908314 
0.398895978928 
0.392162501812 
0.386784791946 
0.368314802647 
0.362375259399 
0.427100241184 
0.413314431906 
0.32762992382 
0.414949417114 
0.370014965534 
0.388795375824 
0.371026903391 
0.358271002769 
0.431602537632 
0.430366039276 
0.391462981701 
0.394260108471 
0.411434710026 
0.417322993279 
0.417116463184 
0.357635259628 
0.421655356884 
0.38205242157 
0.405342310667 
0.420020699501 
0.444215536118 
0.429836422205 
0.39784219861 
0.39010360837 
0.42780739069 
0.389188349247 
0.366732895374 
0.39433452487 
0.382147490978 
0.346451759338 
0.380480408669 
0.409154802561 
0.415519267321 
0.392821907997 
0.404057979584 
0.404026508331 
0.428031682968 
0.377933561802 
0.414323508739 
0.41834872961 
0.390463620424 
0.402671158314 
0.41139292717 
0.430879145861 
0.422228008509 
0.362569987774 
0.387370616198 
0.370174825191 
0.403338074684 
0.390147447586 
0.407521128654 
0.399380207062 
0.397588938475 
0.375800848007 
0.385451555252 
0.419437736273 
0.434014499187 
0.388377308846 
0.429934084415 
0.39180803299 
0.418821662664 
0.386463224888 
0.408231914043 
0.367572069168 
0.412250697613 
0.413045823574 
0.38245421648 
0.396823883057 
0.37391012907 
0.394567728043 
0.394032716751 
0.377458572388 
0.375951826572 
0.407540023327 
0.363154888153 
0.375144869089 
0.362533539534 
0.419887781143 
0.437837392092 
0.378163456917 
0.365305542946 
0.407134056091 
0.422063469887 
0.38059347868 
0.417802810669 
0.399293243885 
0.407209962606 
0.405184626579 
0.375032484531 
0.406935095787 
0.419018089771 
0.412075936794 
0.407237231731 
0.369088709354 
0.412567436695 
0.385445833206 
0.379960685968 
0.406588107347 
0.414190262556 
0.375452667475 
0.396616458893 
0.388033241034 
0.384381920099 
0.411848604679 
0.378049254417 
0.403902888298 
0.403312921524 
0.430861473083 
0.404513150454 
0.424529790878 
0.378188073635 
0.387697160244 
0.427200257778 
0.370178580284 
0.395670354366 
0.40238058567 
0.388342857361 
0.404318153858 
0.400713801384 
0.401401937008 
0.401580482721 
0.369122266769 
0.424581080675 
0.407801151276 
0.39151135087 
0.386480867863 
0.395877748728 
0.374178528786 
0.38557934761 
0.406740784645 
0.429437220097 
0.367743849754 
0.39135915041 
0.376897990704 
0.356627881527 
0.399900794029 
0.383341610432 
0.402201294899 
0.367425143719 
0.403311550617 
0.402750581503 
0.399785399437 
0.396911978722 
0.39090681076 
0.441481113434 
0.399792551994 
0.38170003891 
0.381042659283 
0.374299347401 
0.403231978416 
0.391450107098 
0.389343291521 
0.412406206131 
0.391204714775 
0.344571501017 
0.369002610445 
0.38411039114 
0.340128302574 
0.432837843895 
0.393828213215 
0.382275611162 
0.383903384209 
0.443369090557 
0.423944473267 
0.372354924679 
0.38989764452 
0.385399580002 
0.373432457447 
0.387559056282 
0.404900491238 
0.396978080273 
0.397898256779 
0.431410133839 
0.411364376545 
0.383636295795 
0.366548627615 
0.40793839097 
0.372755974531 
0.427578151226 
0.364031791687 
0.393313527107 
0.377441525459 
0.359811991453 
0.384766817093 
0.438969939947 
0.396797090769 
0.370487570763 
0.411906987429 
0.365510582924 
0.431555598974 
0.328947663307 
0.378721773624 
0.380186229944 
0.394840300083 
0.377418458462 
0.40980014205 
0.38362544775 
0.413483738899 
0.379533261061 
0.369755804539 
0.380638122559 
0.387686192989 
0.386653244495 
0.398808807135 
0.403416514397 
0.393368959427 
0.418152093887 
0.354385674 
0.423993587494 
0.382083892822 
0.378893911839 
0.424715816975 
0.374374359846 
0.403310716152 
0.404725968838 
0.422815203667 
0.451865851879 
0.367376744747 
0.393199920654 
0.440798997879 
0.394402980804 
0.378791451454 
0.395866304636 
0.417779237032 
0.410189330578 
0.401458024979 
0.372545480728 
0.337883889675 
0.359496682882 
0.394594460726 
0.40914440155 
0.428063631058 
0.430350482464 
0.38515239954 
0.367521882057 
0.346249490976 
0.359499424696 
0.379873812199 
0.411918103695 
0.389000594616 
0.369064986706 
0.383229911327 
0.382808923721 
0.376987040043 
0.404582113028 
0.409384071827 
0.393689066172 
0.410867214203 
0.411707907915 
0.369501948357 
0.420063972473 
0.38229522109 
0.400575578213 
0.388652950525 
0.32706835866 
0.396321773529 
0.412390112877 
0.421763777733 
0.387839406729 
0.384034752846 
0.389669954777 
0.418833315372 
0.405883848667 
0.399084925652 
0.419970750809 
0.406971991062 
0.424326062202 
0.414089679718 
0.37437286973 
0.40888145566 
0.360437810421 
0.406548261642 
0.39313352108 
0.362660735846 
0.395001769066 
0.41091889143 
0.414689928293 
0.389725923538 
0.37967902422 
0.392121553421 
0.399205505848 
0.381247341633 
0.39861369133 
0.409922540188 
0.381074607372 
0.408319562674 
0.400102376938 
0.348162055016 
0.389013469219 
0.343200057745 
0.393340826035 
0.395713567734 
0.407020717859 
0.364624232054 
0.384580641985 
0.36952239275 
0.402699410915 
0.398850053549 
0.388949871063 
0.380810409784 
0.398369669914 
0.41059884429 
0.32864177227 
0.395039618015 
0.357777774334 
0.377124071121 
0.346576571465 
0.353054225445 
0.409298062325 
0.411390900612 
0.391287326813 
0.403311550617 
0.419934868813 
0.405288219452 
0.388462662697 
0.355647116899 
0.382092177868 
0.360054165125 
0.392102986574 
0.399700164795 
0.440530270338 
0.425440311432 
0.389055103064 
0.366975545883 
0.397242069244 
0.381064355373 
0.359087318182 
0.407635629177 
0.365318000317 
0.344131469727 
0.360307663679 
0.40161883831 
0.412578582764 
0.358294725418 
0.414143681526 
0.377189844847 
0.424629211426 
0.37058275938 
0.413441479206 
0.40955477953 
0.37808573246 
0.39814004302 
0.381878226995 
0.437841176987 
0.403584063053 
0.369098007679 
0.387948691845 
0.374209910631 
0.375578731298 
0.383673489094 
0.377877622843 
0.388555467129 
0.405869245529 
0.368492662907 
0.390619874001 
0.401952266693 
0.417856693268 
0.375657320023 
0.416432678699 
0.375053733587 
0.369008004665 
0.401062250137 
0.397610068321 
0.33420881629 
0.394696086645 
0.405728340149 
0.395404994488 
0.393396109343 
0.371274411678 
0.404995620251 
0.391854047775 
0.391046702862 
0.3834836483 
0.412752151489 
0.37869066 
0.369011223316 
0.385828226805 
0.385447055101 
0.428768157959 
0.37136927247 
0.365425795317 
0.391328513622 
0.391972213984 
0.388114720583 
0.411633014679 
0.397097557783 
0.396843910217 
0.372229039669 
0.367781043053 
0.421888113022 
0.421542584896 
0.39966827631 
0.413535952568 
0.354886472225 
0.406372606754 
0.393024325371 
0.363806784153 
0.379829496145 
0.372649431229 
0.365161061287 
0.376713871956 
0.391069889069 
0.371649503708 
0.396562457085 
0.377615660429 
0.418605446815 
0.397673547268 
0.438226878643 
0.390479385853 
0.417722761631 
0.383702814579 
0.384655565023 
0.414396584034 
0.347265869379 
0.380531400442 
0.384877562523 
0.382679790258 
0.409009754658 
0.392274022102 
0.373725473881 
0.369990170002 
0.351700156927 
0.414750635624 
0.395261108875 
0.383492648602 
0.401772141457 
0.395607292652 
0.366804510355 
0.374309301376 
0.410440206528 
0.411795020103 
0.355966866016 
0.385604143143 
0.393078565598 
0.365446180105 
0.404779434204 
0.363611459732 
0.390785038471 
0.366330564022 
0.405870735645 
0.384018152952 
0.389478027821 
0.394508421421 
0.377513229847 
0.417104899883 
0.420445144176 
0.358371257782 
0.364825844765 
0.369032919407 
0.373662590981 
0.379269272089 
0.379475057125 
0.411317378283 
0.373821437359 
0.336090743542 
0.376464784145 
0.383922964334 
0.336781919003 
0.416355490685 
0.368878960609 
0.395547002554 
0.359660357237 
0.434442579746 
0.401774764061 
0.370751976967 
0.377039968967 
0.401523321867 
0.370580434799 
0.370927453041 
0.382825911045 
0.384251594543 
0.378631949425 
0.418530285358 
0.40257024765 
0.35418137908 
0.352516829967 
0.405144333839 
0.389114946127 
0.430580079556 
0.363281965256 
0.362024962902 
0.385589897633 
0.346413195133 
0.366023480892 
0.40949088335 
0.407862007618 
0.37466853857 
0.406130433083 
0.358639389277 
0.407648354769 
0.345750570297 
0.360420525074 
0.368659287691 
0.36673116684 
0.376304596663 
0.437035679817 
0.378623217344 
0.376016736031 
0.375753760338 
0.361502736807 
0.374324142933 
0.380293041468 
0.370282828808 
0.372985601425 
0.404603481293 
0.378860831261 
0.413727283478 
0.356262266636 
0.408013701439 
0.396789073944 
0.39842915535 
0.40836250782 
0.381841361523 
0.376037448645 
0.399509012699 
0.437592506409 
0.432874023914 
0.378731489182 
0.38790088892 
0.404410719872 
0.411812782288 
0.372733205557 
0.395323991776 
0.408110439777 
0.401998877525 
0.392993986607 
0.37171548605 
0.33966755867 
0.359062552452 
0.370846688747 
0.396255493164 
0.408572018147 
0.416796475649 
0.386040985584 
0.35233271122 
0.350454121828 
0.358581423759 
0.377443760633 
0.407464444637 
0.388238728046 
0.370701491833 
0.379068851471 
0.370823264122 
0.386191606522 
0.393495082855 
0.408315122128 
0.403382003307 
0.415954858065 
0.402384400368 
0.377971231937 
0.410719692707 
0.349318087101 
0.409256100655 
0.392349243164 
0.331589847803 
0.382557690144 
0.432543218136 
0.379469662905 
0.414181292057 
0.376791745424 
0.385752618313 
0.396621376276 
0.41395097971 
0.387312620878 
0.409114360809 
0.412017315626 
0.392415583134 
0.404427409172 
0.371914803982 
0.407496750355 
0.364019036293 
0.411499619484 
0.377783238888 
0.374754279852 
0.382847964764 
0.417454361916 
0.39862626791 
0.390632808208 
0.376225650311 
0.383492588997 
0.399293422699 
0.367961406708 
0.392473042011 
0.417897939682 
0.393782913685 
0.401413738728 
0.395816624165 
0.355765283108 
0.374553740025 
0.367779195309 
0.37734413147 
0.373383969069 
0.4236754179 
0.384411394596 
0.386142015457 
0.377098619938 
0.40910255909 
0.405142486095 
0.348527491093 
0.359184324741 
0.413969516754 
0.396508872509 
0.323143601418 
0.410542905331 
0.347529560328 
0.38066804409 
0.343450725079 
0.358684957027 
0.417360067368 
0.393983244896 
0.375026315451 
0.412188231945 
0.403201937675 
0.394174486399 
0.414418846369 
0.353085339069 
0.378619372845 
0.370643109083 
0.385410070419 
0.401988595724 
0.435282409191 
0.428411304951 
0.368629366159 
0.361516058445 
0.409099757671 
0.360997825861 
0.354562014341 
0.394477754831 
0.357772916555 
0.337215423584 
0.350835263729 
0.424431473017 
0.405582517385 
0.38001793623 
0.374912708998 
0.392990708351 
0.394537448883 
0.348769813776 
0.385353654623 
0.414565742016 
0.365308105946 
0.389774382114 
0.383711576462 
0.412162780762 
0.405930042267 
0.363690435886 
0.348700404167 
0.360599339008 
0.374667465687 
0.369816631079 
0.377165675163 
0.397386074066 
0.388496398926 
0.359922230244 
0.370626598597 
0.40728867054 
0.387419253588 
0.360468149185 
0.417892754078 
0.38078263402 
0.389642655849 
0.392934918404 
0.392157375813 
0.352008491755 
0.396093338728 
0.375754207373 
0.37321254611 
0.377080261707 
0.385207533836 
0.379923194647 
0.383226156235 
0.383972346783 
0.370391011238 
0.391522616148 
0.360814929008 
0.380195379257 
0.359231114388 
0.384327054024 
0.429259181023 
0.375225096941 
0.347677528858 
0.396274298429 
0.390528798103 
0.366044402122 
0.397182643414 
0.384226709604 
0.39134991169 
0.406127095222 
0.3743699193 
0.410714447498 
0.389646887779 
0.406059980392 
0.412650227547 
0.33250567317 
0.385573208332 
0.372882008553 
0.36108776927 
0.350373327732 
0.367019295692 
0.357287615538 
0.362846851349 
0.373507320881 
0.370045721531 
0.363938093185 
0.361437499523 
0.393811702728 
0.378278940916 
0.426400840282 
0.369758069515 
0.404785513878 
0.398109138012 
0.365313649178 
0.411121934652 
0.359351694584 
0.363398700953 
0.375955283642 
0.374039471149 
0.405501842499 
0.391224384308 
0.363366425037 
0.388041913509 
0.352822124958 
0.409721851349 
0.391865491867 
0.361691355705 
0.381020724773 
0.354078292847 
0.358277410269 
0.380045741796 
0.379978626966 
0.387372165918 
0.356722176075 
0.376920104027 
0.389643222094 
0.330270946026 
0.360719203949 
0.357569217682 
0.391423046589 
0.359493911266 
0.382095813751 
0.39053273201 
0.355028748512 
0.384941935539 
0.361137628555 
0.4145860672 
0.385716319084 
0.357468664646 
0.375181674957 
0.36328369379 
0.399021029472 
0.365893185139 
0.385634124279 
0.40478926897 
0.376075088978 
0.321228533983 
0.349117934704 
0.390721976757 
0.323091447353 
0.413816213608 
0.358969271183 
0.366037905216 
0.362974286079 
0.417989194393 
0.389727056026 
0.359888195992 
0.378055363894 
0.390547692776 
0.352663218975 
0.358050465584 
0.385503172874 
0.398663461208 
0.361105084419 
0.417721062899 
0.387484371662 
0.362177312374 
0.348082363605 
0.385418385267 
0.375001519918 
0.425262928009 
0.359970569611 
0.345405757427 
0.3732842803 
0.362069696188 
0.357692480087 
0.405221939087 
0.378419995308 
0.354199141264 
0.383484750986 
0.345602989197 
0.397524297237 
0.326209813356 
0.349240213633 
0.390207141638 
0.383129239082 
0.342223614454 
0.424863934517 
0.3764282763 
0.373364686966 
0.352666318417 
0.34037733078 
0.367888450623 
0.35765516758 
0.38050365448 
0.382059752941 
0.392979085445 
0.370293140411 
0.389287918806 
0.349340379238 
0.387390345335 
0.3877158463 
0.370463371277 
0.424249172211 
0.366416990757 
0.380467146635 
0.389893561602 
0.390757799149 
0.411079466343 
0.378791928291 
0.390449345112 
0.412402927876 
0.384070128202 
0.355807363987 
0.392721533775 
0.399462878704 
0.396573483944 
0.407323658466 
0.384885042906 
0.329007446766 
0.358570456505 
0.38800650835 
0.406754761934 
0.395068585873 
0.426259577274 
0.376609504223 
0.347215771675 
0.339156389236 
0.353788644075 
0.345080375671 
0.421193480492 
0.381582379341 
0.354968577623 
0.375385165215 
0.383032023907 
0.376512408257 
0.371411144733 
0.380940377712 
0.416759908199 
0.425128489733 
0.38974994421 
0.354126870632 
0.390108108521 
0.384132504463 
0.390913575888 
0.407918155193 
0.361490011215 
0.355851948261 
0.419605433941 
0.39749199152 
0.417995601892 
0.370828568935 
0.396969944239 
0.37407925725 
0.39661732316 
0.369365900755 
0.396440625191 
0.396458506584 
0.378573745489 
0.378921687603 
0.351044356823 
0.376096844673 
0.35165989399 
0.395502865314 
0.384864419699 
0.353127598763 
0.392616152763 
0.378053069115 
0.383732706308 
0.408563584089 
0.391814053059 
0.36288318038 
0.394394814968 
0.373204469681 
0.384865611792 
0.397834539413 
0.373643815517 
0.394712507725 
0.381586015224 
0.337510108948 
0.391585767269 
0.341612875462 
0.381499052048 
0.377367675304 
0.400656759739 
0.376109242439 
0.386203885078 
0.368465900421 
0.411382913589 
0.405873417854 
0.364775359631 
0.354373365641 
0.386542052031 
0.379240512848 
0.319709002972 
0.395435392857 
0.341858625412 
0.358750760555 
0.345027506351 
0.346567332745 
0.408293157816 
0.408489078283 
0.350320369005 
0.385088473558 
0.376086622477 
0.36723870039 
0.400978088379 
0.353370577097 
0.371826052666 
0.345271915197 
0.370922505856 
0.372625738382 
0.427315443754 
0.39710354805 
0.363330483437 
0.358899950981 
0.394724726677 
0.350142896175 
0.343525588512 
0.384005665779 
0.342831552029 
0.356536090374 
0.373486042023 
0.38810056448 
0.374807476997 
0.363718152046 
0.37847661972 
0.366824954748 
0.411239594221 
0.357831418514 
0.378754198551 
0.417926847935 
0.368376612663 
0.365132451057 
0.397997677326 
0.416108489037 
0.391158550978 
0.35408115387 
0.355134189129 
0.340529561043 
0.353100061417 
0.352966547012 
0.386787772179 
0.368655979633 
0.34745657444 
0.343920707703 
0.368579149246 
0.374150395393 
0.376219809055 
0.359141916037 
0.409789681435 
0.373677194118 
0.366336762905 
0.368605852127 
0.38302308321 
0.324394524097 
0.349325686693 
0.39072239399 
0.365463018417 
0.358356297016 
0.366109728813 
0.364687770605 
0.342202186584 
0.354017734528 
0.3567532897 
0.392147868872 
0.344332337379 
0.349789589643 
0.358367592096 
0.38830435276 
0.411141455173 
0.37211060524 
0.358057886362 
0.378809899092 
0.390858769417 
0.36569994688 
0.386041879654 
0.389177858829 
0.377642393112 
0.379883646965 
0.357189923525 
0.419178247452 
0.393480539322 
0.366064488888 
0.378719478846 
0.361125051975 
0.403733640909 
0.359778285027 
0.360988259315 
0.360673725605 
0.372749149799 
0.351978600025 
0.346030533314 
0.376967221498 
0.356014400721 
0.367686808109 
0.362608015537 
0.40499150753 
0.376308143139 
0.440446376801 
0.37968981266 
0.422567844391 
0.350448101759 
0.364663362503 
0.401304125786 
0.359035074711 
0.361757934093 
0.353725969791 
0.360508561134 
0.40637242794 
0.382720261812 
0.366245150566 
0.3720946908 
0.346928417683 
0.41888192296 
0.378244042397 
0.360622674227 
0.369896650314 
0.356965184212 
0.346971392632 
0.373131841421 
0.373951047659 
0.381033569574 
0.352123141289 
0.365426599979 
0.384457945824 
0.331802070141 
0.381088495255 
0.353274822235 
0.376115202904 
0.349320203066 
0.379968106747 
0.365828335285 
0.366781681776 
0.37885427475 
0.370926856995 
0.40426248312 
0.399505704641 
0.356286168098 
0.361624747515 
0.344590574503 
0.378071606159 
0.372913897038 
0.376550197601 
0.369490414858 
0.380627393723 
0.346320092678 
0.347587615252 
0.37700393796 
0.316432327032 
0.41766166687 
0.375570833683 
0.373762696981 
0.365663170815 
0.419692337513 
0.384606570005 
0.349745750427 
0.370237410069 
0.401152879 
0.366243004799 
0.373762905598 
0.380357146263 
0.372414916754 
0.364623636007 
0.405064761639 
0.398123890162 
0.358720809221 
0.342387229204 
0.368397444487 
0.356775045395 
0.400860130787 
0.355151832104 
0.370081782341 
0.376838505268 
0.345501750708 
0.367891550064 
0.402878135443 
0.361952036619 
0.36855006218 
0.391268193722 
0.337716400623 
0.376927673817 
0.325727880001 
0.356833636761 
0.374307751656 
0.363363981247 
0.344254225492 
0.395859599113 
0.379369735718 
0.3799020648 
0.347389101982 
0.333406329155 
0.369016230106 
0.36304166913 
0.364998847246 
0.373924642801 
0.39990901947 
0.362023830414 
0.41706776619 
0.346100568771 
0.377774178982 
0.386259794235 
0.367422044277 
0.405020743608 
0.369196534157 
0.371025025845 
0.384965121746 
0.389789283276 
0.415618181229 
0.347233057022 
0.374360471964 
0.401825606823 
0.380944371223 
0.353570669889 
0.385840952396 
0.398849368095 
0.39891242981 
0.379866778851 
0.354276001453 
0.322664856911 
0.365131258965 
0.366180002689 
0.403741896152 
0.385336697102 
0.422379970551 
0.380283862352 
0.367146492004 
0.333013236523 
0.343654870987 
0.353691160679 
0.403353154659 
0.361326187849 
0.372650384903 
0.351242333651 
0.383527815342 
0.377342164516 
0.375220179558 
0.381006538868 
0.396515369415 
0.391129672527 
0.409429609776 
0.349446922541 
0.400133877993 
0.350976109505 
0.396259486675 
0.352796912193 
0.329781293869 
0.356495946646 
0.408365368843 
0.383194088936 
0.375695407391 
0.379178404808 
0.390830278397 
0.360025882721 
0.375239431858 
0.352833509445 
0.388859689236 
0.40523982048 
0.375825464725 
0.372767806053 
0.348064303398 
0.394093483686 
0.361317157745 
0.396828532219 
0.374636948109 
0.368860661983 
0.389603644609 
0.386326342821 
0.361917853355 
0.37469547987 
0.402388125658 
0.37175360322 
0.400466889143 
0.356100022793 
0.379084467888 
0.373640805483 
0.342520624399 
0.366626679897 
0.388427495956 
0.342319279909 
0.382755726576 
0.344569087029 
0.331987082958 
0.360498636961 
0.388915300369 
0.357311069965 
0.380399167538 
0.368013858795 
0.394984006882 
0.369189202785 
0.335504442453 
0.3591786623 
0.381487369537 
0.400532126427 
0.314265161753 
0.366819739342 
0.35412889719 
0.375445395708 
0.350212216377 
0.333567142487 
0.400531172752 
0.380789458752 
0.368133038282 
0.404249370098 
0.388480782509 
0.37870901823 
0.387047380209 
0.331955879927 
0.373790502548 
0.348905622959 
0.382929205894 
0.385342299938 
0.417887449265 
0.398639827967 
0.371263682842 
0.356627464294 
0.395000874996 
0.34816044569 
0.331455469131 
0.373301386833 
0.379399240017 
0.34048563242 
0.341475784779 
0.376730233431 
0.394199132919 
0.375145971775 
0.371403723955 
0.388028383255 
0.386574983597 
0.358902156353 
0.362872958183 
0.375449180603 
0.374296426773 
0.36381483078 
0.389182001352 
0.407072842121 
0.386172413826 
0.321911036968 
0.343367576599 
0.345620810986 
0.362242519855 
0.344600945711 
0.3537068367 
0.367938220501 
0.345031172037 
0.350563526154 
0.374369442463 
0.390418410301 
0.379504203796 
0.357722520828 
0.393225491047 
0.372839897871 
0.382754385471 
0.362445384264 
0.391227602959 
0.317882716656 
0.343901157379 
0.374743074179 
0.360439240932 
0.366256594658 
0.354223608971 
0.35741263628 
0.365313470364 
0.349882096052 
0.360139608383 
0.389053046703 
0.348992407322 
0.363656520844 
0.338555574417 
0.380500137806 
0.396603286266 
0.363009482622 
0.342702805996 
0.404792845249 
0.377211809158 
0.364523530006 
0.388522833586 
0.387862116098 
0.385687023401 
0.379260510206 
0.360202372074 
0.376832395792 
0.374148368835 
0.368028759956 
0.373954385519 
0.326160222292 
0.387108206749 
0.368648052216 
0.354317843914 
0.356040298939 
0.37567871809 
0.355924248695 
0.360508620739 
0.385723859072 
0.35940015316 
0.37430948019 
0.361397922039 
0.388045191765 
0.355485200882 
0.401257038116 
0.380087137222 
0.389784246683 
0.374647498131 
0.370589733124 
0.377876788378 
0.348123908043 
0.369498550892 
0.358774751425 
0.362362086773 
0.380348861217 
0.367320597172 
0.333428680897 
0.374567657709 
0.361950606108 
0.39254322648 
0.368464171886 
0.369315505028 
0.348243892193 
0.364176988602 
0.34519687295 
0.364807903767 
0.412994027138 
0.393187135458 
0.328585475683 
0.355353295803 
0.347223132849 
0.330439329147 
0.373181283474 
0.362407982349 
0.36613714695 
0.340293616056 
0.374919235706 
0.370061695576 
0.352730572224 
0.364098399878 
0.346679270267 
0.403501421213 
0.379650622606 
0.354470431805 
0.346318483353 
0.346229732037 
0.381923615932 
0.345238536596 
0.351564764977 
0.384200036526 
0.387907087803 
0.330522656441 
0.342459708452 
0.339416772127 
0.30763477087 
0.415534436703 
0.363613635302 
0.376668155193 
0.33697989583 
0.402083277702 
0.376531630754 
0.345249921083 
0.392791092396 
0.38410794735 
0.364575147629 
0.352880716324 
0.381880581379 
0.353859186172 
0.360430300236 
0.419414103031 
0.375438302755 
0.343922525644 
0.326278865337 
0.391629338264 
0.355904042721 
0.392513692379 
0.358318269253 
0.36086255312 
0.375077903271 
0.321447253227 
0.352178990841 
0.390140593052 
0.363492876291 
0.363301277161 
0.379941046238 
0.355471134186 
0.382824420929 
0.305448621511 
0.351867258549 
0.37602686882 
0.3586615026 
0.338063240051 
0.3805578053 
0.36400410533 
0.381026685238 
0.360162079334 
0.34045240283 
0.352734684944 
0.356876343489 
0.356916338205 
0.349600046873 
0.377815723419 
0.359866023064 
0.401210486889 
0.341989666224 
0.387226521969 
0.366560041904 
0.369085073471 
0.379296898842 
0.358369082212 
0.357127189636 
0.372582674026 
0.399334400892 
0.403195232153 
0.350303590298 
0.364439308643 
0.391279190779 
0.358723282814 
0.34106695652 
0.356928676367 
0.394907057285 
0.38612267375 
0.39487349987 
0.357203125954 
0.307066589594 
0.370688319206 
0.370570003986 
0.382884562016 
0.386296570301 
0.390408933163 
0.365901619196 
0.330857813358 
0.326062232256 
0.339401483536 
0.354302406311 
0.409096062183 
0.362049162388 
0.358903288841 
0.352484434843 
0.345566391945 
0.369248479605 
0.359487652779 
0.382929474115 
0.401266336441 
0.398132324219 
0.393303394318 
0.358008086681 
0.391942024231 
0.35757753253 
0.377444684505 
0.381091177464 
0.317132741213 
0.367747545242 
0.415882468224 
0.384803116322 
0.376239657402 
0.377260446548 
0.370350599289 
0.381136953831 
0.395075500011 
0.353671252728 
0.395976603031 
0.398761808872 
0.370828449726 
0.370076417923 
0.34902343154 
0.377109855413 
0.350076586008 
0.382744193077 
0.370801895857 
0.340707957745 
0.370529800653 
0.391151040792 
0.374849170446 
0.37868219614 
0.366743505001 
0.358637034893 
0.392184555531 
0.356307089329 
0.401182502508 
0.39878231287 
0.357869267464 
0.392025649548 
0.369361281395 
0.338745623827 
0.380817860365 
0.340102702379 
0.37064909935 
0.380694329739 
0.41457849741 
0.349175184965 
0.347449541092 
0.354615747929 
0.388473570347 
0.388646781445 
0.346569895744 
0.33991330862 
0.390176445246 
0.374127686024 
0.322871506214 
0.391301512718 
0.333642303944 
0.344451606274 
0.309659838676 
0.335337460041 
0.390541881323 
0.361042320728 
0.357252895832 
0.390224456787 
0.374656260014 
0.368001103401 
0.413188457489 
0.332001686096 
0.3551171422 
0.343799442053 
0.377859652042 
0.364227712154 
0.420808821917 
0.392573714256 
0.371274918318 
0.353831797838 
0.384741455317 
0.3291477561 
0.325760066509 
0.347133040428 
0.343014419079 
0.344587624073 
0.345382392406 
0.384121000767 
0.389289200306 
0.361879080534 
0.349518805742 
0.363132655621 
0.392417371273 
0.353523135185 
0.360067903996 
0.402936458588 
0.352897882462 
0.35415109992 
0.375328421593 
0.401810616255 
0.375517010689 
0.336575120687 
0.34784886241 
0.357381075621 
0.359638333321 
0.342794895172 
0.362764239311 
0.380781650543 
0.369026482105 
0.33866918087 
0.364376872778 
0.382956832647 
0.389084041119 
0.359290271997 
0.408215582371 
0.36037966609 
0.377864331007 
0.366637259722 
0.37734079361 
0.324154764414 
0.357251465321 
0.374745875597 
0.353707671165 
0.360628902912 
0.345867335796 
0.369694501162 
0.341896444559 
0.359549820423 
0.35507786274 
0.37800103426 
0.340982824564 
0.342621773481 
0.356797873974 
0.373029589653 
0.391113519669 
0.33538249135 
0.352655827999 
0.363830775023 
0.375861048698 
0.364742606878 
0.379911243916 
0.373455047607 
0.37163323164 
0.371874690056 
0.3616065979 
0.4048653543 
0.374370604753 
0.365805178881 
0.382308006287 
0.335098832846 
0.368871748447 
0.365081191063 
0.348974347115 
0.352677285671 
0.342487514019 
0.356540083885 
0.344593018293 
0.357262283564 
0.355509281158 
0.365148663521 
0.346413612366 
0.37987947464 
0.355713039637 
0.412780165672 
0.357711613178 
0.40082642436 
0.344438672066 
0.353892505169 
0.369004666805 
0.333574533463 
0.355532169342 
0.363492190838 
0.364019036293 
0.380932420492 
0.360561668873 
0.351159900427 
0.365678340197 
0.34134298563 
0.406551063061 
0.375149011612 
0.358488559723 
0.371234714985 
0.361317932606 
0.341657221317 
0.349173426628 
0.36870932579 
0.36514160037 
0.331270635128 
0.350963264704 
0.357753932476 
0.318670392036 
0.356637537479 
0.358435481787 
0.359042674303 
0.331740379333 
0.367939680815 
0.375850558281 
0.361312925816 
0.383239805698 
0.358693987131 
0.395962923765 
0.382911473513 
0.35272282362 
0.351391077042 
0.336114525795 
0.39717271924 
0.342644870281 
0.36376285553 
0.37674254179 
0.383694291115 
0.310822278261 
0.344316452742 
0.355790019035 
0.314543753862 
0.40729290247 
0.360552489758 
0.349665611982 
0.337344527245 
0.408970415592 
0.373982191086 
0.331339299679 
0.363019555807 
0.375579416752 
0.342254698277 
0.343470722437 
0.371497511864 
0.374963074923 
0.358213543892 
0.396777182817 
0.374445140362 
0.353629469872 
0.332174897194 
0.382468104362 
0.342279285192 
0.387017786503 
0.34715795517 
0.344987124205 
0.375096023083 
0.316349476576 
0.342779517174 
0.401368498802 
0.339005589485 
0.360658705235 
0.37187820673 
0.344626396894 
0.380825340748 
0.316932082176 
0.33234757185 
0.367746174335 
0.356281995773 
0.357137084007 
0.401096135378 
0.353619545698 
0.384703159332 
0.33937805891 
0.347496390343 
0.359887570143 
0.354933202267 
0.372744321823 
0.3455119133 
0.371124327183 
0.351868957281 
0.39112830162 
0.340432077646 
0.373246461153 
0.368411242962 
0.352547049522 
0.381732225418 
0.350122541189 
0.368291944265 
0.388333916664 
0.371734619141 
0.406371474266 
0.377378284931 
0.369868934155 
0.386038720608 
0.381382256746 
0.347250729799 
0.361379772425 
0.381244152784 
0.365040063858 
0.36709100008 
0.352106750011 
0.29966801405 
0.338997453451 
0.356780678034 
0.366903483868 
0.388282477856 
0.404032289982 
0.369808733463 
0.34562176466 
0.320724010468 
0.329651594162 
0.353794395924 
0.39009386301 
0.347155928612 
0.350659430027 
0.350228726864 
0.332628935575 
0.365166902542 
0.364295452833 
0.371336460114 
0.394213199615 
0.390999317169 
0.380503475666 
0.360752403736 
0.392684787512 
0.343461573124 
0.379784405231 
0.369888544083 
0.334562301636 
0.362194240093 
0.377060413361 
0.379143774509 
0.370459675789 
0.373630404472 
0.366288363934 
0.366505324841 
0.374058306217 
0.372515678406 
0.388104826212 
0.379863321781 
0.380592435598 
0.377597153187 
0.336354374886 
0.38091185689 
0.350577443838 
0.382056504488 
0.383428633213 
0.344598770142 
0.390049815178 
0.397067964077 
0.367018043995 
0.360523104668 
0.364275872707 
0.376978099346 
0.370007067919 
0.347749859095 
0.358842402697 
0.382879734039 
0.352235615253 
0.379092901945 
0.364178806543 
0.333241552114 
0.363922297955 
0.339611530304 
0.356280982494 
0.364089131355 
0.389642953873 
0.366260826588 
0.360278040171 
3.32591891289 
3.24184942245 
3.11266350746 
2.88316655159 
2.62104320526 
2.37306451797 
2.14830493927 
1.82840895653 
1.5761141777 
1.34631764889 
1.21381223202 
1.07063210011 
0.96881955862 
0.962502658367 
0.897231400013 
0.90549492836 
0.930472970009 
0.918708324432 
0.934172987938 
0.906654715538 
0.902570009232 
0.900014042854 
0.869368910789 
0.892920851707 
0.873005151749 
0.900333762169 
0.872374713421 
0.827226042747 
0.813307225704 
0.860575795174 
0.811000704765 
0.808746099472 
0.833039045334 
0.780434191227 
0.755186796188 
0.788601994514 
0.792502760887 
0.8069024086 
0.779011964798 
0.789870142937 
0.772926390171 
0.818175196648 
0.753747880459 
0.784288823605 
0.793876767159 
0.77976834774 
0.800202667713 
0.755311369896 
0.812223672867 
0.755950987339 
0.739222884178 
0.750159144402 
0.76297980547 
0.716034054756 
0.738888382912 
0.746499121189 
0.756851911545 
0.730771064758 
0.741306900978 
0.679824709892 
0.727293670177 
0.772902131081 
0.745965480804 
0.740748643875 
0.71838927269 
0.713581979275 
0.716500937939 
0.726840496063 
0.702677667141 
0.697498440742 
0.695151209831 
0.708083212376 
0.749621450901 
0.725039362907 
0.734096050262 
0.668161451817 
0.719216167927 
0.68133944273 
0.68848323822 
0.669361412525 
0.719312310219 
0.687105536461 
0.68979036808 
0.721993923187 
0.730023264885 
0.673928141594 
0.70819747448 
0.705190479755 
0.707443356514 
0.660124659538 
0.692494630814 
0.69558095932 
0.657327115536 
0.677713871002 
0.701564073563 
0.746688246727 
0.672488033772 
0.684195518494 
0.659883499146 
0.682605028152 
0.66751563549 
0.650847673416 
0.676114797592 
0.672324061394 
0.661426305771 
0.657595515251 
0.661905050278 
0.646955728531 
0.666272640228 
0.663280189037 
0.644535422325 
0.662831604481 
0.700506210327 
0.626579999924 
0.648142397404 
0.611401200294 
0.67882168293 
0.66034591198 
0.624799728394 
0.623615086079 
0.62807238102 
0.646266460419 
0.662554264069 
0.645636856556 
0.624607682228 
0.628194928169 
0.60172522068 
0.676056861877 
0.631702184677 
0.618570506573 
0.64522588253 
0.60969376564 
0.623901903629 
0.590371370316 
0.653547227383 
0.633017480373 
0.587918043137 
0.621544778347 
0.623047709465 
0.591311454773 
0.597716093063 
0.596584200859 
0.620205163956 
0.547606825829 
0.613498687744 
0.610392153263 
0.595172762871 
0.620804548264 
0.616220355034 
0.631655812263 
0.574024438858 
0.57753276825 
0.572184741497 
0.5380204916 
0.586418509483 
0.581523299217 
0.599388837814 
0.601450800896 
0.589327454567 
0.554232120514 
0.565776228905 
0.587881088257 
0.530933082104 
0.587550163269 
0.575289964676 
0.577277362347 
0.554226994514 
0.601563096046 
0.578967571259 
0.545853376389 
0.596863746643 
0.578312456608 
0.532752037048 
0.547190070152 
0.577045917511 
0.542006492615 
0.56587934494 
0.626957178116 
0.568063914776 
0.559318363667 
0.51180100441 
0.580053210258 
0.559479355812 
0.560979366302 
0.54805457592 
0.555269479752 
0.560221076012 
0.504890799522 
0.553095936775 
0.592738032341 
0.552406668663 
0.567617356777 
0.567044556141 
0.511952936649 
0.583919525146 
0.530268847942 
0.520964503288 
0.584751009941 
0.56162917614 
0.519008219242 
0.574377894402 
0.547682404518 
0.542253434658 
0.543515920639 
0.494523108006 
0.550077199936 
0.508174717426 
0.556656479836 
0.551433324814 
0.566997885704 
0.539200901985 
0.559392094612 
0.507585048676 
0.565855622292 
0.533313989639 
0.553491950035 
0.53624778986 
0.537492394447 
0.544205188751 
0.53482234478 
0.5647970438 
0.552504718304 
0.511288881302 
0.526442110538 
0.551254987717 
0.508068442345 
0.484516501427 
0.523957133293 
0.547538399696 
0.550102651119 
0.530740857124 
0.540452361107 
0.463252425194 
0.513542950153 
0.512965500355 
0.547764778137 
0.546298027039 
0.52517080307 
0.542105555534 
0.488610863686 
0.487174510956 
0.47789222002 
0.509521007538 
0.545507848263 
0.516756534576 
0.514265060425 
0.507924973965 
0.531784832478 
0.498340725899 
0.498149454594 
0.53762280941 
0.531074106693 
0.540893673897 
0.541136622429 
0.513120412827 
0.517621099949 
0.496159940958 
0.545068383217 
0.527353942394 
0.477915108204 
0.543914079666 
0.52279984951 
0.533204317093 
0.534487009048 
0.512280762196 
0.519200146198 
0.533974587917 
0.531210660934 
0.526187300682 
0.523293793201 
0.537301421165 
0.524013519287 
0.483584284782 
0.490808069706 
0.54603934288 
0.487655043602 
0.532577514648 
0.523327469826 
0.520166635513 
0.522177457809 
0.545473217964 
0.497720122337 
0.512663424015 
0.515424489975 
0.501715183258 
0.511102795601 
0.500601291656 
0.513941049576 
0.515482604504 
0.484008431435 
0.495482355356 
0.51340675354 
0.45786935091 
0.503975391388 
0.476231873035 
0.508100807667 
0.522020578384 
0.515350878239 
0.510489404202 
0.49502748251 
0.512642741203 
0.532496988773 
0.504642128944 
0.47298848629 
0.484521836042 
0.488756805658 
0.512028634548 
0.445197373629 
0.491807162762 
0.483217358589 
0.48036929965 
0.480318486691 
0.487241208553 
0.520464897156 
0.507939875126 
0.494337201118 
0.5157340765 
0.49644523859 
0.476527154446 
0.52418076992 
0.472298800945 
0.509636759758 
0.480995893478 
0.503703773022 
0.508347392082 
0.552184939384 
0.514234960079 
0.486781448126 
0.462702572346 
0.519950330257 
0.479221105576 
0.456291228533 
0.490473568439 
0.469729870558 
0.45996633172 
0.456316113472 
0.49482768774 
0.516050934792 
0.488059103489 
0.485624790192 
0.479459941387 
0.507238268852 
0.463329523802 
0.491085737944 
0.525031208992 
0.508865475655 
0.49281090498 
0.485893368721 
0.504552841187 
0.527575969696 
0.45001989603 
0.47753444314 
0.478250145912 
0.470970034599 
0.469471752644 
0.473704099655 
0.473154962063 
0.464792400599 
0.478601515293 
0.489951312542 
0.514309406281 
0.488621592522 
0.486998945475 
0.522847890854 
0.48190805316 
0.484270274639 
0.501921951771 
0.487784564495 
0.43359452486 
0.462313771248 
0.494278311729 
0.489048689604 
0.473442912102 
0.495102107525 
0.50227534771 
0.451362729073 
0.468368113041 
0.483257949352 
0.527721703053 
0.470567464828 
0.437153279781 
0.460165470839 
0.459643274546 
0.519999146461 
0.45041012764 
0.448859989643 
0.506397604942 
0.48715493083 
0.487624317408 
0.481849133968 
0.496005952358 
0.47401624918 
0.45070451498 
0.470972776413 
0.499619066715 
0.504608035088 
0.489321380854 
0.487311601639 
0.439367204905 
0.481455743313 
0.465963542461 
0.47485858202 
0.477946966887 
0.472483605146 
0.448851138353 
0.452548921108 
0.467264354229 
0.470313340425 
0.469902127981 
0.464566588402 
0.472862839699 
0.48952037096 
0.504020214081 
0.477253437042 
0.476419478655 
0.455727338791 
0.447546511889 
0.510918080807 
0.451758682728 
0.444555699825 
0.471840023994 
0.455114841461 
0.498398065567 
0.478784799576 
0.457441985607 
0.480729222298 
0.443562865257 
0.487041145563 
0.466706246138 
0.440418213606 
0.474326908588 
0.441145449877 
0.436554580927 
0.440106511116 
0.499483406544 
0.468603819609 
0.423148840666 
0.447367370129 
0.486912846565 
0.437656164169 
0.46330884099 
0.461708575487 
0.485800743103 
0.431366562843 
0.461033463478 
0.455270975828 
0.435136407614 
0.454613447189 
0.456566303968 
0.480815649033 
0.478460550308 
0.4777520895 
0.446508824825 
0.433157324791 
0.478278040886 
0.439953535795 
0.462035357952 
0.485785126686 
0.454812794924 
0.430839955807 
0.457715719938 
0.452010273933 
0.410738259554 
0.521433293819 
0.481106579304 
0.445108115673 
0.477929025888 
0.508104741573 
0.477305918932 
0.437707215548 
0.440974354744 
0.464785575867 
0.44798630476 
0.435305714607 
0.458341419697 
0.44955098629 
0.468212068081 
0.499327600002 
0.45184803009 
0.422125160694 
0.431551486254 
0.443837344646 
0.43813085556 
0.474513709545 
0.438149034977 
0.456747293472 
0.464124381542 
0.420476466417 
0.434479296207 
0.502289831638 
0.454995244741 
0.434703409672 
0.465287446976 
0.420971751213 
0.461615502834 
0.401477336884 
0.454379200935 
0.424695193768 
0.461367070675 
0.424616158009 
0.486851513386 
0.473591148853 
0.458375513554 
0.460646539927 
0.408487260342 
0.44398239255 
0.458628058434 
0.446411311626 
0.4634796381 
0.457569360733 
0.470870912075 
0.466680645943 
0.447782635689 
0.487561285496 
0.462622225285 
0.453746855259 
0.471028596163 
0.439138293266 
0.442731142044 
0.4652146101 
0.46281504631 
0.480688244104 
0.42643892765 
0.484166711569 
0.480615794659 
0.452951073647 
0.431860268116 
0.441806733608 
0.467330306768 
0.478542089462 
0.457600295544 
0.442143082619 
0.38560411334 
0.416517913342 
0.433625936508 
0.46330589056 
0.46838876605 
0.506129860878 
0.453041613102 
0.424446254969 
0.395134717226 
0.428621053696 
0.424746930599 
0.485059529543 
0.447340965271 
0.437444955111 
0.441036015749 
0.460932552814 
0.44358509779 
0.456815898418 
0.456582069397 
0.49982136488 
0.461287021637 
0.44274392724 
0.418859004974 
0.480227291584 
0.436899721622 
0.4666005373 
0.462457299232 
0.407655477524 
0.445757985115 
0.497591614723 
0.466495543718 
0.461757779121 
0.443129301071 
0.478804081678 
0.444436728954 
0.467951476574 
0.449681282043 
0.46710523963 
0.477135419846 
0.449888437986 
0.459486573935 
0.442253619432 
0.478715747595 
0.417730897665 
0.442710071802 
0.453735351562 
0.428850650787 
0.447650671005 
0.483245700598 
0.473324298859 
0.440310150385 
0.464244127274 
0.41359436512 
0.474859774113 
0.428382456303 
0.452182888985 
0.45758447051 
0.441290318966 
0.464387208223 
0.445345580578 
0.39987128973 
0.442217111588 
0.439824223518 
0.429235547781 
0.440441429615 
0.446590125561 
0.442485392094 
0.453424572945 
0.448526859283 
0.453173518181 
0.471662372351 
0.407300114632 
0.437695920467 
0.463936895132 
0.444727480412 
0.391044348478 
0.451504468918 
0.41895404458 
0.422006070614 
0.420863240957 
0.404100894928 
0.478843688965 
0.462531447411 
0.423597842455 
0.465682983398 
0.44630330801 
0.417795866728 
0.465438276529 
0.401154637337 
0.433402746916 
0.442807495594 
0.445418834686 
0.472294479609 
0.476876974106 
0.472026914358 
0.451205462217 
0.416849017143 
0.467913597822 
0.404730886221 
0.414542764425 
0.443656563759 
0.428160846233 
0.406386971474 
0.42366528511 
0.457722127438 
0.458835065365 
0.422169685364 
0.42891305685 
0.434151530266 
0.469358891249 
0.422809779644 
0.432520478964 
0.454669058323 
0.436291277409 
0.441803008318 
0.455780744553 
0.463034391403 
0.458265990019 
0.394661307335 
0.420071721077 
0.413304537535 
0.424981832504 
0.438198626041 
0.450646787882 
0.425827682018 
0.430002868176 
0.431211352348 
0.435028493404 
0.436449706554 
0.467149734497 
0.413003265858 
0.459131419659 
0.416843056679 
0.451517999172 
0.461260735989 
0.434408098459 
0.407275497913 
0.406152009964 
0.437960505486 
0.410917878151 
0.421539932489 
0.413807153702 
0.445370197296 
0.425529628992 
0.42277354002 
0.435394823551 
0.435295552015 
0.427988708019 
0.417536228895 
0.438621014357 
0.4552346766 
0.460599571466 
0.41183334589 
0.428002625704 
0.440235376358 
0.448412626982 
0.444113910198 
0.442591011524 
0.44600379467 
0.435635685921 
0.446284174919 
0.431554913521 
0.456295609474 
0.478389143944 
0.434123277664 
0.464248299599 
0.399658918381 
0.454082846642 
0.413918793201 
0.406219303608 
0.423678040504 
0.441030263901 
0.411669462919 
0.434948831797 
0.463243842125 
0.435581326485 
0.429169565439 
0.397786021233 
0.442862927914 
0.437599360943 
0.46577334404 
0.430775344372 
0.468183815479 
0.429067969322 
0.420107275248 
0.449635058641 
0.408952772617 
0.402658581734 
0.431391477585 
0.419585704803 
0.455744832754 
0.435636401176 
0.407683432102 
0.420096129179 
0.400775671005 
0.475859165192 
0.442881286144 
0.426904380322 
0.426691293716 
0.417110681534 
0.40518528223 
0.417005240917 
0.438861578703 
0.440501272678 
0.431399405003 
0.443888872862 
0.438585728407 
0.394078910351 
0.432753533125 
0.422266125679 
0.434793233871 
0.404809713364 
0.433421730995 
0.431232392788 
0.441306591034 
0.431800454855 
0.419734895229 
0.462129831314 
0.444566696882 
0.420966804028 
0.419128239155 
0.389012277126 
0.43818885088 
0.417469412088 
0.437732875347 
0.453814893961 
0.432733565569 
0.396373808384 
0.400901913643 
0.425452113152 
0.382036089897 
0.483122140169 
0.422970116138 
0.414537549019 
0.42431896925 
0.47174924612 
0.440643846989 
0.395748764277 
0.4331163764 
0.449824094772 
0.417445242405 
0.403380990028 
0.453070163727 
0.425632178783 
0.421716451645 
0.462108016014 
0.437824606895 
0.418893188238 
0.417066574097 
0.426965534687 
0.411707043648 
0.461281955242 
0.421494632959 
0.423153042793 
0.401975631714 
0.39846265316 
0.414764493704 
0.467954337597 
0.415972650051 
0.416091620922 
0.452127158642 
0.377914816141 
0.445926129818 
0.369192332029 
0.391542077065 
0.409965932369 
0.420035243034 
0.387787222862 
0.460530906916 
0.434114694595 
0.429898023605 
0.391291022301 
0.385125458241 
0.404011934996 
0.435948431492 
0.419203221798 
0.42764288187 
0.435463815928 
0.437028646469 
0.438103556633 
0.40714597702 
0.458190202713 
0.415655612946 
0.417380034924 
0.46247202158 
0.418312430382 
0.415708363056 
0.440972208977 
0.440392136574 
0.45446228981 
0.405461370945 
0.450717031956 
0.443967878819 
0.421196132898 
0.383246719837 
0.408794462681 
0.434864640236 
0.438907980919 
0.430307656527 
0.403521418571 
0.368351608515 
0.403178155422 
0.440744638443 
0.441916912794 
0.454226672649 
0.457117319107 
0.412781238556 
0.394113779068 
0.374906539917 
0.398071199656 
0.419972240925 
0.447367191315 
0.421532928944 
0.402007371187 
0.411039024591 
0.429146707058 
0.426031827927 
0.431262254715 
0.451283216476 
0.445299983025 
0.440341711044 
0.450705289841 
0.407878994942 
0.442377626896 
0.402249336243 
0.437462687492 
0.434534400702 
0.374502032995 
0.427581816912 
0.455503821373 
0.462248504162 
0.461350083351 
0.430829823017 
0.435817241669 
0.453929364681 
0.43590220809 
0.402705132961 
0.458364963531 
0.431935846806 
0.413740634918 
0.416898369789 
0.405603080988 
0.436303317547 
0.396434694529 
0.437691867352 
0.423029661179 
0.406484365463 
0.420159250498 
0.42690128088 
0.421617627144 
0.432132542133 
0.436747729778 
0.41670191288 
0.453779160976 
0.400014102459 
0.436988830566 
0.44006562233 
0.410212993622 
0.437494695187 
0.443035900593 
0.371271014214 
0.426254600286 
0.404776513577 
0.400431185961 
0.443306058645 
0.43720459938 
0.404158830643 
0.418293833733 
