3.33913946152 
3.3502612114 
3.29876899719 
3.35427689552 
2.2214615345 
1.06159710884 
1.28830885887 
1.11499834061 
0.926074981689 
1.0105676651 
3.32152628899 
3.26064062119 
3.27946281433 
1.97393476963 
1.05895447731 
1.01143050194 
0.912749052048 
0.964955925941 
0.933646082878 
0.834919452667 
0.830627322197 
0.879928231239 
0.918485105038 
0.818112552166 
0.79627764225 
0.773765444756 
0.789290547371 
0.784909307957 
0.72083067894 
0.738658070564 
0.767984867096 
0.727556049824 
0.721801638603 
0.708920955658 
0.675063490868 
0.726373434067 
0.645997285843 
0.632740020752 
0.637528836727 
0.692562758923 
0.727761149406 
0.624519824982 
0.600811600685 
0.658166527748 
0.651554107666 
0.60509121418 
0.664048910141 
0.552205145359 
0.636576354504 
0.64838975668 
0.622668623924 
0.64917832613 
0.597081780434 
0.582795500755 
0.559176802635 
0.569219470024 
0.624431312084 
0.585790157318 
0.598705112934 
0.557023525238 
0.585274875164 
0.581610321999 
0.579342722893 
0.528289318085 
0.503528773785 
0.588561058044 
0.563403010368 
0.51298981905 
0.541296243668 
0.508624911308 
0.519249796867 
0.627787351608 
0.545530617237 
0.645245671272 
0.547050178051 
0.482153475285 
0.573601305485 
0.552658736706 
0.520500779152 
0.619863152504 
0.560565233231 
0.558296978474 
0.478313982487 
0.497438907623 
0.513317465782 
0.486694633961 
0.482606112957 
0.446238040924 
0.477922856808 
0.482571482658 
0.477327823639 
0.583480000496 
0.486713469028 
0.525360763073 
0.476519197226 
0.488473773003 
0.473065912724 
0.469838202 
0.481935739517 
0.470560640097 
0.458039283752 
0.472808808088 
0.547413170338 
0.489782989025 
0.466019630432 
0.496059834957 
0.431280642748 
0.526698708534 
0.483747363091 
0.506073772907 
0.511811435223 
0.467333287001 
0.452281177044 
0.517479717731 
0.489826589823 
0.462662696838 
0.448799848557 
0.465794116259 
0.51322388649 
0.43269854784 
0.494342446327 
0.519218742847 
0.532320618629 
0.529733657837 
0.442789554596 
0.462684094906 
0.545821249485 
0.527818322182 
0.458149850368 
0.444171011448 
0.423235148191 
0.385826796293 
0.436588257551 
0.399394929409 
0.486936509609 
0.474558830261 
0.47476631403 
0.520405888557 
0.420467793941 
0.424086391926 
0.401705026627 
0.383896887302 
0.426776647568 
0.426560163498 
0.468921273947 
0.462794065475 
0.426535010338 
0.417197406292 
0.485321164131 
0.414368331432 
0.417788058519 
0.39603728056 
0.403490334749 
0.382820606232 
0.385271936655 
0.424956977367 
0.401283681393 
0.419435620308 
0.361208558083 
0.358577787876 
0.374700784683 
0.424426704645 
0.41394919157 
0.401112109423 
0.454667985439 
0.395987927914 
0.413610637188 
0.448253899813 
0.421546399593 
0.433905273676 
0.386063814163 
0.349201798439 
0.403809040785 
0.400693416595 
0.406698167324 
0.433023422956 
0.332579374313 
0.35328695178 
0.394701480865 
0.377237439156 
0.369601100683 
0.33577811718 
0.383756399155 
0.362402796745 
0.433374643326 
0.393754899502 
0.354875713587 
0.476496338844 
0.44667083025 
0.440179944038 
0.380330860615 
0.406480789185 
0.393513292074 
0.358708649874 
0.387093961239 
0.352471351624 
0.382992506027 
0.376621872187 
0.360578775406 
0.389484167099 
0.34119078517 
0.398921310902 
0.384249746799 
0.402320861816 
0.396013438702 
0.377965480089 
0.357813805342 
0.323489814997 
0.370693355799 
0.47327080369 
0.350994676352 
0.374060690403 
0.359064221382 
0.377447724342 
0.346677303314 
0.350405335426 
0.346739888191 
0.346386194229 
0.368750095367 
0.339553773403 
0.392475396395 
0.375669807196 
0.309467017651 
0.422982156277 
0.385363727808 
0.342405259609 
0.349025249481 
0.345010519028 
0.345645487309 
0.32711020112 
0.334042608738 
0.365801155567 
0.357115089893 
0.424432277679 
0.363741755486 
0.404762029648 
0.349939823151 
0.397297382355 
0.373635083437 
0.381103754044 
0.387060016394 
0.347748637199 
0.335354208946 
0.339708209038 
0.32776337862 
0.371742904186 
0.364721298218 
0.362916231155 
0.317297846079 
0.367998689413 
0.333380907774 
0.326554775238 
0.356429457664 
0.331542730331 
0.343070656061 
0.342941939831 
0.372302353382 
0.334823459387 
0.334614396095 
0.379748731852 
0.321019470692 
0.373936444521 
0.353343904018 
0.35723388195 
0.38418841362 
0.407863348722 
0.300740808249 
0.295971930027 
0.322288423777 
0.314507573843 
0.340145409107 
0.325138896704 
0.339666873217 
0.320330440998 
0.279172867537 
0.331539422274 
0.287631005049 
0.293436855078 
0.312624871731 
0.277624666691 
0.343844264746 
0.348370999098 
0.371383488178 
0.330826938152 
0.342167913914 
0.333611547947 
0.322471648455 
0.293381899595 
0.339318156242 
0.300994634628 
0.322275042534 
0.301253408194 
0.298319876194 
0.309767365456 
0.379429489374 
0.349436372519 
0.338829278946 
0.376808345318 
0.349804610014 
0.333860903978 
0.299149096012 
0.381977438927 
0.331760555506 
0.350766032934 
0.347369790077 
0.314885288477 
0.372825741768 
0.334510743618 
0.309293061495 
0.318566918373 
0.332804977894 
0.335182547569 
0.315264344215 
0.378411322832 
0.305079579353 
0.30398619175 
0.300420641899 
0.33342564106 
0.333094388247 
0.367875963449 
0.308651030064 
0.359245240688 
0.304360628128 
0.305550247431 
0.299388825893 
0.314500778913 
0.310773909092 
0.328504770994 
0.337706208229 
0.323208868504 
0.268153429031 
0.281198173761 
0.299489885569 
0.30955901742 
0.359519481659 
0.348285228014 
0.318642497063 
0.27251842618 
0.291063815355 
0.305764585733 
0.316059023142 
0.329312294722 
0.364304274321 
0.342499732971 
0.325942933559 
0.321395665407 
0.317561477423 
0.317896127701 
0.310223788023 
0.327821046114 
0.31183552742 
0.301359415054 
0.302159935236 
0.283179759979 
0.295488655567 
0.281153202057 
0.320169448853 
0.341691851616 
0.305920600891 
0.302475363016 
0.273947566748 
0.298739463091 
0.318878889084 
0.327396422625 
0.326195091009 
0.288379132748 
0.303256124258 
0.301403105259 
0.276018619537 
0.330617636442 
0.305301040411 
0.313264608383 
0.287597984076 
0.348672926426 
0.330536931753 
0.299747645855 
0.319792330265 
0.298188656569 
0.294687271118 
0.279272645712 
0.294577419758 
0.298787415028 
0.331389069557 
0.381269752979 
0.318828612566 
0.294405996799 
0.298552215099 
0.31439101696 
0.30860003829 
0.344113767147 
0.321670860052 
0.305558204651 
0.308218300343 
0.293524056673 
0.326925635338 
0.346014142036 
0.306007474661 
0.27732282877 
0.402436733246 
0.336562216282 
0.31973862648 
0.341157644987 
0.298871994019 
0.281293600798 
0.272347807884 
0.36617410183 
0.312636852264 
0.290967106819 
0.325463503599 
0.313435614109 
0.26531496644 
0.318841904402 
0.320144742727 
0.278212428093 
0.279768824577 
0.280230373144 
0.264867872 
0.292560070753 
0.278994739056 
0.2984187603 
0.280526071787 
0.321487486362 
0.284725010395 
0.297612786293 
0.308470219374 
0.352488309145 
0.301089853048 
0.294824808836 
0.264000117779 
0.290169119835 
0.283081889153 
0.296599149704 
0.302663087845 
0.347486197948 
0.281121343374 
0.268278628588 
0.299539983273 
0.307718634605 
0.281319350004 
0.29421249032 
0.317465096712 
0.307426005602 
0.268421560526 
0.291763991117 
0.258637994528 
0.329660266638 
0.316780298948 
0.313300043344 
0.288212180138 
0.285483151674 
0.29896312952 
0.27000644803 
0.260700523853 
0.282868951559 
0.296183764935 
0.301802366972 
0.254400730133 
0.258310288191 
0.284226238728 
0.321294546127 
0.274495363235 
0.286954462528 
0.292986452579 
0.252462357283 
0.280216932297 
0.28677842021 
0.255651652813 
0.274415612221 
0.295929789543 
0.243154659867 
0.220702797174 
0.316850781441 
0.246864840388 
0.24210691452 
0.267516136169 
0.430198609829 
0.300958454609 
0.272490143776 
0.336856395006 
0.27160307765 
0.260363280773 
3.21404600143 
2.04483819008 
1.17856740952 
1.11569273472 
1.05593383312 
0.993718266487 
0.954450011253 
0.881895184517 
0.889779448509 
0.840825617313 
0.813231945038 
0.804624080658 
0.779103338718 
0.795489490032 
0.75185751915 
0.760097384453 
0.796072840691 
0.727939009666 
0.742836594582 
0.774207651615 
0.669029831886 
0.706206321716 
0.699583470821 
0.693933367729 
0.678857445717 
0.690823197365 
0.690707206726 
0.667599081993 
0.672651708126 
0.68938177824 
0.630920886993 
0.638090968132 
0.701597452164 
0.628479957581 
0.618558943272 
0.60352742672 
0.65163064003 
0.652708649635 
0.608835101128 
0.64283066988 
0.626336038113 
0.625806450844 
0.612546145916 
0.627336084843 
0.652852773666 
0.621785759926 
0.650163292885 
0.628911972046 
0.652002751827 
0.630282342434 
0.585192799568 
0.604521930218 
0.584961891174 
0.621381103992 
0.620913743973 
0.595937728882 
0.604208230972 
0.594926595688 
0.599350214005 
0.599643826485 
0.619146823883 
0.645498037338 
0.600895762444 
0.623299241066 
0.57670211792 
0.568174242973 
0.589788198471 
0.615421414375 
0.559052228928 
0.602702021599 
0.593611717224 
0.542255043983 
0.580079138279 
0.554261088371 
0.591154098511 
0.547157168388 
0.578637421131 
0.552583217621 
0.541217684746 
0.538903594017 
0.516200304031 
0.52352142334 
0.544395029545 
0.572731494904 
0.554700016975 
0.542274653912 
0.564718663692 
0.567395329475 
0.524761676788 
0.539646089077 
0.546068310738 
0.541524410248 
0.539456546307 
0.528116822243 
0.556791305542 
0.59610003233 
0.537499189377 
0.547377586365 
0.484440267086 
0.542010426521 
0.514828264713 
0.511204361916 
0.543873131275 
0.502908170223 
0.509812355042 
0.494719862938 
0.552852153778 
0.501334011555 
0.505280911922 
0.484827756882 
0.5098066926 
0.525996446609 
0.559618353844 
0.512076616287 
0.537706851959 
0.467833817005 
0.504333257675 
0.542267560959 
0.481793701649 
0.478146135807 
0.512295782566 
0.495006144047 
0.520405888557 
0.511879861355 
0.488127589226 
0.488433301449 
0.456137418747 
0.543572545052 
0.494341731071 
0.484027206898 
0.520563006401 
0.460810065269 
0.456426262856 
0.4648026824 
0.49063116312 
0.483371138573 
0.434974372387 
0.467766851187 
0.487668901682 
0.441485106945 
0.474060565233 
0.455574333668 
0.473405718803 
0.423914968967 
0.48571318388 
0.463318407536 
0.465172588825 
0.482591927052 
0.484200716019 
0.492111176252 
0.477906912565 
0.452358186245 
0.464005857706 
0.439660221338 
0.46516546607 
0.455988883972 
0.453270792961 
0.482204914093 
0.46258699894 
0.40383464098 
0.437962532043 
0.42414778471 
0.401117324829 
0.479412138462 
0.463944911957 
0.427553772926 
0.432875931263 
0.487886428833 
0.462100744247 
0.402810811996 
0.444511473179 
0.453464865685 
0.414551198483 
0.423682928085 
0.455466926098 
0.43684476614 
0.428551137447 
0.475925862789 
0.454246401787 
0.405584663153 
0.411115676165 
0.46059191227 
0.424452900887 
0.477456927299 
0.410643130541 
0.431009232998 
0.433101147413 
0.403650224209 
0.413463354111 
0.496977031231 
0.429558426142 
0.436460793018 
0.442369103432 
0.384333908558 
0.438963681459 
0.381498396397 
0.388423681259 
0.427567541599 
0.433538794518 
0.400144398212 
0.468178391457 
0.445273280144 
0.440315812826 
0.406074464321 
0.400902152061 
0.418121963739 
0.4173604846 
0.397901594639 
0.409304589033 
0.437510490417 
0.405879020691 
0.441634297371 
0.391936510801 
0.454112887383 
0.418439865112 
0.421422630548 
0.445726126432 
0.43401402235 
0.419536888599 
0.415718317032 
0.421165347099 
0.458316773176 
0.414945065975 
0.438341617584 
0.453255712986 
0.417679905891 
0.409209191799 
0.425378024578 
0.438179552555 
0.428293406963 
0.429951041937 
0.393461346626 
0.355901569128 
0.380929380655 
0.420613825321 
0.437775939703 
0.445681452751 
0.44942393899 
0.408903121948 
0.382999181747 
0.36349850893 
0.369807630777 
0.387113898993 
0.43686157465 
0.402266263962 
0.374114185572 
0.397867977619 
0.392372757196 
0.397537916899 
0.408975511789 
0.438873976469 
0.432075858116 
0.43660351634 
0.423173546791 
0.388225078583 
0.421107470989 
0.375688701868 
0.42180621624 
0.386101543903 
0.354970723391 
0.389217525721 
0.435175567865 
0.417172133923 
0.433370649815 
0.406227678061 
0.4247392416 
0.411115437746 
0.414749026299 
0.384939223528 
0.424599975348 
0.426437944174 
0.396235346794 
0.406791865826 
0.386312007904 
0.408803522587 
0.356115460396 
0.424830913544 
0.406630456448 
0.365624010563 
0.406857132912 
0.417537301779 
0.423055708408 
0.397334396839 
0.393292397261 
0.39246493578 
0.412254214287 
0.368065774441 
0.393192440271 
0.406370609999 
0.372275233269 
0.413357198238 
0.39683842659 
0.366629511118 
0.409597873688 
0.365402668715 
0.368206948042 
0.371469050646 
0.418538331985 
0.383233726025 
0.380200654268 
0.378222733736 
0.404609918594 
0.388083696365 
0.354793131351 
0.364072680473 
0.402960449457 
0.411250770092 
0.335919618607 
0.391757190228 
0.361476719379 
0.370893478394 
0.346807032824 
0.352726608515 
0.413784444332 
0.386912286282 
0.37183457613 
0.411426961422 
0.409951657057 
0.371893078089 
0.41158542037 
0.342312395573 
0.385842680931 
0.362334758043 
0.382046878338 
0.385955691338 
0.444441258907 
0.416076987982 
0.360670506954 
0.361772060394 
0.404558926821 
0.351403057575 
0.346315562725 
0.379336208105 
0.340487003326 
0.347068101168 
0.364178419113 
0.384167522192 
0.386481642723 
0.382192969322 
0.391563713551 
0.36717569828 
0.402948558331 
0.38211402297 
0.380023896694 
0.433335244656 
0.377950012684 
0.396069586277 
0.395714432001 
0.400416910648 
0.387113571167 
0.322070717812 
0.360513985157 
0.348134338856 
0.382650375366 
0.354293823242 
0.387650460005 
0.365477591753 
0.364462316036 
0.358287274837 
0.367301940918 
0.38263553381 
0.398057043552 
0.367324709892 
0.409704506397 
0.355595678091 
0.377641141415 
0.382905811071 
0.397678256035 
0.350862801075 
0.382849276066 
0.396310925484 
0.365527659655 
0.384429514408 
0.362436711788 
0.38867276907 
0.347542613745 
0.358413219452 
0.374581098557 
0.376028358936 
0.348489999771 
0.358261108398 
0.354828596115 
0.40347546339 
0.387201726437 
0.355066418648 
0.343151450157 
0.394944906235 
0.394993215799 
0.35005480051 
0.389925986528 
0.389009892941 
0.366436362267 
0.381559491158 
0.363405674696 
0.391860604286 
0.411829978228 
0.364885479212 
0.386357367039 
0.319433748722 
0.39050000906 
0.357760548592 
0.34113240242 
0.361380428076 
0.370293647051 
0.359927624464 
0.358356058598 
0.387494117022 
0.360944479704 
0.385383993387 
0.371018469334 
0.377715170383 
0.355477899313 
0.391317397356 
0.383207261562 
0.395973980427 
0.358088821173 
0.361728668213 
0.40631955862 
0.33627384901 
0.345238029957 
0.35811817646 
0.36085498333 
0.39704990387 
0.361803293228 
0.356329590082 
0.359774619341 
0.336832791567 
0.411553859711 
0.379827558994 
0.345940172672 
0.360705196857 
0.35247990489 
0.333868026733 
0.358879297972 
0.367223531008 
0.385477364063 
0.323169231415 
0.358469605446 
0.380620718002 
0.323123931885 
0.380097150803 
0.345668464899 
0.365607261658 
0.340192854404 
0.368606001139 
0.354036509991 
0.364169985056 
0.367077410221 
0.342435956001 
0.379748284817 
0.39345228672 
0.338872432709 
0.35885322094 
0.33563041687 
0.379387319088 
0.364638030529 
0.349072247744 
0.368951141834 
0.359724581242 
0.297491073608 
0.353419601917 
0.33710744977 
0.312968850136 
0.38752579689 
0.357645153999 
0.344358563423 
0.34001198411 
0.399942576885 
0.376683086157 
0.336069405079 
0.360739678144 
0.36196950078 
0.330160081387 
0.343021035194 
0.361137717962 
0.352236747742 
0.352856785059 
0.39227899909 
0.371949195862 
0.335084080696 
0.317044764757 
0.354021668434 
0.36819717288 
0.388822615147 
0.331603586674 
0.331763386726 
0.34527349472 
0.318621277809 
0.336333394051 
0.403802990913 
0.360403329134 
0.343520104885 
0.371032625437 
0.321474462748 
0.363243609667 
0.302240729332 
0.330720245838 
0.343316406012 
0.349352359772 
0.334547400475 
0.376194149256 
0.350113630295 
0.363646477461 
0.343830049038 
0.321567475796 
0.34574586153 
0.352968066931 
0.335625499487 
0.334549039602 
0.369534045458 
0.351468503475 
0.374223589897 
0.336086511612 
0.373377382755 
0.353621125221 
0.360812157393 
0.37021613121 
0.356185257435 
0.353590846062 
0.349438011646 
0.358554661274 
0.384603142738 
0.333420753479 
0.363696187735 
0.374059617519 
0.347599804401 
0.335941016674 
0.362935960293 
0.390905231237 
0.366399943829 
0.38475883007 
0.325806885958 
0.297137737274 
0.331650078297 
0.357578873634 
0.375575959682 
0.381210833788 
0.387180536985 
0.364614725113 
0.330161094666 
0.30375033617 
0.324055194855 
0.331945240498 
0.393448233604 
0.335767149925 
0.319591104984 
0.355217248201 
0.333468496799 
0.345660328865 
0.358051896095 
0.36741361022 
0.371814310551 
0.382243454456 
0.36494359374 
0.33154836297 
0.348667144775 
0.332263320684 
0.382558107376 
0.339189350605 
0.314728677273 
0.342998415232 
0.399758517742 
0.37156111002 
0.385564208031 
0.357359588146 
0.359118580818 
0.365315914154 
0.369137197733 
0.341536313295 
0.380802571774 
0.376093089581 
0.365739524364 
0.370324164629 
0.336225450039 
0.351651281118 
0.326504856348 
0.373631894588 
0.364617705345 
0.328584969044 
0.368443191051 
0.36942833662 
0.36778268218 
0.358838796616 
0.342385172844 
0.353685319424 
0.372493475676 
0.329815715551 
0.3442466259 
0.368786543608 
0.338267862797 
0.362517267466 
0.353106975555 
0.326031863689 
0.36480152607 
0.324960023165 
0.330397248268 
0.336520373821 
0.388731867075 
0.347750514746 
0.341163814068 
0.337031602859 
0.350571334362 
0.353544831276 
0.323072433472 
0.333008736372 
0.355038702488 
0.360997676849 
0.308127999306 
0.357192397118 
0.316481292248 
0.342730075121 
0.313569664955 
0.31635260582 
0.370497137308 
0.34163749218 
0.335474431515 
0.371643304825 
0.372233450413 
0.331806361675 
0.367572844028 
0.310240596533 
0.351952254772 
0.336866855621 
0.349188804626 
0.362786024809 
0.39930087328 
0.377671718597 
0.335161566734 
0.329786747694 
0.361146301031 
0.317926377058 
0.310037255287 
0.345692336559 
0.305012881756 
0.316843926907 
0.335734575987 
0.341327875853 
0.34524923563 
0.346387147903 
0.352740645409 
0.334072113037 
0.363094836473 
0.332387030125 
0.340378046036 
0.381531178951 
0.331438302994 
0.36659091711 
0.355162620544 
0.376155734062 
0.343625605106 
0.292318761349 
0.324229955673 
0.318320780993 
0.356527835131 
0.322756826878 
0.360367268324 
0.343458682299 
0.335524260998 
0.322262167931 
0.337430417538 
0.352690309286 
0.366985023022 
0.345850139856 
0.374691426754 
0.33394280076 
0.352360844612 
0.345866262913 
0.367787718773 
0.30795186758 
0.359148025513 
0.350756108761 
0.336762547493 
0.34552270174 
0.337773621082 
0.345441639423 
0.320316880941 
0.331629365683 
0.342593252659 
0.346143364906 
0.320510566235 
0.341327250004 
0.318272173405 
0.371752858162 
0.363308370113 
0.323069363832 
0.313437283039 
0.369540303946 
0.366851210594 
0.324134230614 
0.36640304327 
0.371863245964 
0.344711244106 
0.360304474831 
0.335912406445 
0.358945250511 
0.379636883736 
0.343704164028 
0.352451503277 
0.30312538147 
0.357332795858 
0.328035354614 
0.319692671299 
0.33826187253 
0.336673378944 
0.333166390657 
0.335161924362 
0.349977940321 
0.337132275105 
0.354675024748 
0.335696607828 
0.349011301994 
0.325622737408 
0.366069376469 
0.357519418001 
0.369899451733 
0.345339715481 
0.337247908115 
0.378409534693 
0.30745446682 
0.32572388649 
0.334566801786 
0.331292390823 
0.373264193535 
0.333841025829 
0.321682989597 
0.336786985397 
0.309489011765 
0.396516442299 
0.352322220802 
0.330255806446 
0.339902251959 
0.338049411774 
0.309629708529 
0.345069974661 
0.345546424389 
0.353098481894 
0.302549898624 
0.329482287169 
0.352575421333 
0.289548546076 
0.348539352417 
0.333274900913 
0.337456196547 
0.313954919577 
0.337358355522 
0.335169196129 
0.348307192326 
0.350872457027 
0.317892700434 
0.358069866896 
0.375051259995 
0.32553383708 
0.338756561279 
0.322946667671 
0.363639563322 
0.338642001152 
0.340212881565 
0.343431144953 
0.329150527716 
0.283883810043 
0.324750542641 
0.320315539837 
0.284553438425 
0.361031919718 
0.330701768398 
0.323131412268 
0.319723367691 
0.381008207798 
0.352877110243 
0.318824440241 
0.342125236988 
0.347548663616 
0.324702560902 
0.319086432457 
0.344860553741 
0.331244617701 
0.335649996996 
0.37528192997 
0.345136284828 
0.317177087069 
0.297309815884 
0.324668705463 
0.347510844469 
0.359958827496 
0.314281225204 
0.311511546373 
0.332866609097 
0.299068421125 
0.325394034386 
0.382968008518 
0.340974926949 
0.324185431004 
0.341860681772 
0.30771780014 
0.344635426998 
0.286085993052 
0.310548067093 
0.330438166857 
0.327659338713 
0.320026367903 
0.36109110713 
0.331562459469 
0.34557902813 
0.328422188759 
0.293391734362 
0.330528080463 
0.326614052057 
0.314824789762 
0.313741832972 
0.345501601696 
0.327453136444 
0.350309997797 
0.312102377415 
0.341113954782 
0.329736858606 
0.336369514465 
0.344777584076 
0.329952597618 
0.328679054976 
0.3292093575 
0.340235859156 
0.365550130606 
0.319184601307 
0.342242002487 
0.348082184792 
0.332021176815 
0.312321603298 
0.350960016251 
0.373424440622 
0.347129821777 
0.352505236864 
0.311176478863 
0.279776066542 
0.319031536579 
0.341153472662 
0.346609592438 
0.368109613657 
0.362167716026 
0.347971200943 
0.312998354435 
0.28647840023 
0.309550404549 
0.313292145729 
0.372119575739 
0.320041954517 
0.307283222675 
0.332339793444 
0.317951738834 
0.331845760345 
0.337416857481 
0.348281919956 
0.357014268637 
0.349709272385 
0.352440744638 
0.31431683898 
0.33022069931 
0.316315829754 
0.359261482954 
0.327957808971 
0.309109181166 
0.320249438286 
0.380502045155 
0.348026514053 
0.374862074852 
0.34042930603 
0.33587116003 
0.348124861717 
0.348579347134 
0.321255177259 
0.356012374163 
0.352135568857 
0.347058385611 
0.341101706028 
0.30142006278 
0.334650784731 
0.306875318289 
0.351590394974 
0.34375089407 
0.308720856905 
0.349448561668 
0.354587823153 
0.343268215656 
0.340040177107 
0.331465750933 
0.337759047747 
0.357345998287 
0.314403295517 
0.325450062752 
0.34819278121 
0.322931438684 
0.336910098791 
0.337960213423 
0.305970430374 
0.342708051205 
0.311367869377 
0.311018168926 
0.313305586576 
0.372740447521 
0.334011495113 
0.322731137276 
0.321941316128 
0.331787914038 
0.340154796839 
0.305582046509 
0.320438504219 
0.334757208824 
0.349409192801 
0.298146367073 
0.342414498329 
0.299837291241 
0.331898152828 
0.298775434494 
0.29985538125 
0.356974840164 
0.330080211163 
0.320230066776 
0.351214319468 
0.357527464628 
0.316060215235 
0.349094539881 
0.300376296043 
0.338194549084 
0.31762945652 
0.3321185112 
0.344161897898 
0.379941105843 
0.357878088951 
0.317428052425 
0.315752089024 
0.346807837486 
0.299001425505 
0.298466086388 
0.330078810453 
0.294093579054 
0.304533183575 
0.319904863834 
0.322244077921 
0.330269604921 
0.329896658659 
0.334251135588 
0.322641074657 
0.343575716019 
0.30904135108 
0.321006417274 
0.365878939629 
0.312549829483 
0.344865620136 
0.339869767427 
0.36023670435 
0.324335634708 
0.283809483051 
0.307334840298 
0.305563241243 
0.330542683601 
0.315916597843 
0.33983156085 
0.330400913954 
0.31787070632 
0.302955120802 
0.323080956936 
0.334531039 
0.345998823643 
0.330963611603 
0.358801782131 
0.316348850727 
0.338661909103 
0.334905743599 
0.346715420485 
0.293767005205 
0.338289022446 
0.32880204916 
0.321397781372 
0.328487813473 
0.324530541897 
0.331609576941 
0.310314774513 
0.313477039337 
0.315283983946 
0.327206999063 
0.307314276695 
0.334533572197 
0.310882747173 
0.350724935532 
0.35014513135 
0.315352410078 
0.305229693651 
0.355160087347 
0.349216878414 
0.310607045889 
0.347822725773 
0.355668514967 
0.33090877533 
0.341191709042 
0.325214385986 
0.34168830514 
0.362726002932 
0.333620160818 
0.335354208946 
0.286413908005 
0.34400126338 
0.313402056694 
0.305098682642 
0.323932677507 
0.322953224182 
0.315910100937 
0.321829020977 
0.329813182354 
0.326312363148 
0.335535049438 
0.319018155336 
0.334717452526 
0.30923563242 
0.353222995996 
0.334962904453 
0.356698542833 
0.334323525429 
0.326943278313 
0.363313645124 
0.292485952377 
0.31341162324 
0.318043589592 
0.316649854183 
0.355804264545 
0.320474028587 
0.305663973093 
0.322018176317 
0.293115347624 
0.37832224369 
0.337456077337 
0.314457178116 
0.319226861 
0.324239492416 
0.298427045345 
0.330580115318 
0.337522238493 
0.336516469717 
0.293287605047 
0.311353862286 
0.342777907848 
0.277697175741 
0.333006620407 
0.321763604879 
0.326650381088 
0.301420152187 
0.318888396025 
0.324545264244 
0.334758520126 
0.333530008793 
0.304349213839 
0.353619813919 
0.366198122501 
0.31900498271 
0.327587306499 
0.314717888832 
0.353029340506 
0.330898523331 
0.332566052675 
0.334452360868 
0.312690556049 
0.275859355927 
0.308973789215 
0.312094300985 
0.27300336957 
0.346361756325 
0.315278232098 
0.316599279642 
0.305013716221 
0.367984682322 
0.34053760767 
0.307305544615 
0.331093966961 
0.334880769253 
0.311515301466 
0.308471947908 
0.330756098032 
0.319536983967 
0.321130990982 
0.359096586704 
0.330578774214 
0.299923956394 
0.286780297756 
0.310864388943 
0.330698221922 
0.344383180141 
0.304744184017 
0.304361462593 
0.314793378115 
0.282469332218 
0.318508684635 
0.372133105993 
0.32436144352 
0.310621440411 
0.327247232199 
0.29870980978 
0.331590354443 
0.275831997395 
0.300323963165 
0.321421742439 
0.315223187208 
0.309910237789 
0.351985216141 
0.318994581699 
0.332434862852 
0.311881303787 
0.280081152916 
0.315961539745 
0.311055481434 
0.301519215107 
0.299981117249 
0.333530366421 
0.313618451357 
0.336510837078 
0.300055891275 
0.325341641903 
0.315286040306 
0.317907869816 
0.327081769705 
0.318712294102 
0.317594408989 
0.317687183619 
0.33383628726 
0.355381667614 
0.308737397194 
0.32761234045 
0.339092999697 
0.321995317936 
0.300871163607 
0.339403629303 
0.358142673969 
0.336568117142 
0.337475419044 
0.298030793667 
0.274029076099 
0.302055805922 
0.329087257385 
0.337696403265 
0.354358971119 
0.352990716696 
0.33980846405 
0.301883637905 
0.277964919806 
0.297697216272 
0.302169978619 
0.35959482193 
0.308029681444 
0.29772913456 
0.319204390049 
0.300857543945 
0.314841479063 
0.322840929031 
0.330746769905 
0.345543265343 
0.334273338318 
0.340478390455 
0.300348907709 
0.323265373707 
0.303035318851 
0.348001301289 
0.321060717106 
0.293779969215 
0.315400183201 
0.366370260715 
0.327180117369 
0.357638984919 
0.32452583313 
0.324101179838 
0.330088198185 
0.339980065823 
0.305710107088 
0.34064283967 
0.340727746487 
0.335185945034 
0.32267254591 
0.289571017027 
0.324628353119 
0.299349874258 
0.338415682316 
0.333510965109 
0.299394458532 
0.336367964745 
0.337975144386 
0.333620369434 
0.328309029341 
0.32225549221 
0.324642926455 
0.347945481539 
0.303301095963 
0.314517378807 
0.3370026052 
0.317815184593 
0.321946620941 
0.326085031033 
0.298378139734 
0.327472001314 
0.302174270153 
0.301074713469 
0.302156895399 
0.363533556461 
0.322774320841 
0.313159614801 
0.314148515463 
0.32104024291 
0.326225072145 
0.295599281788 
0.309131145477 
0.323131501675 
0.338946312666 
0.290010392666 
0.329662442207 
0.290234684944 
0.322278738022 
0.292005926371 
0.287502765656 
0.343365967274 
0.31757491827 
0.308457523584 
0.336485654116 
0.34069275856 
0.308595180511 
0.337646365166 
0.29027056694 
0.324654996395 
0.305920660496 
0.320698559284 
0.334021925926 
0.370299845934 
0.345627248287 
0.303588271141 
0.302822351456 
0.336727797985 
0.289497226477 
0.287410020828 
0.323582321405 
0.286140531301 
0.298839002848 
0.309078574181 
0.310127824545 
0.321766525507 
0.318551659584 
0.323600411415 
0.313501268625 
0.328538864851 
0.296819329262 
0.310577660799 
0.353865236044 
0.302830457687 
0.332767605782 
0.328865885735 
0.351992338896 
0.314077317715 
0.276505678892 
0.2995018363 
0.297280013561 
0.31789290905 
0.308671712875 
0.32462900877 
0.32471626997 
0.311037242413 
0.295836776495 
0.309630632401 
0.323739469051 
0.338129222393 
0.320301473141 
0.347087264061 
0.305962741375 
0.324674129486 
0.322436898947 
0.331692814827 
0.282579243183 
0.325203090906 
0.321004897356 
0.309546530247 
0.316401720047 
0.315996557474 
0.318961948156 
0.299746751785 
0.306261628866 
0.301132261753 
0.31596493721 
0.295352399349 
0.325262010098 
0.302518874407 
0.339207828045 
0.335221171379 
0.307447731495 
0.295893311501 
0.341274380684 
0.340147435665 
0.302833676338 
0.337347596884 
0.348338752985 
0.322920441628 
0.329166352749 
0.317267924547 
0.329906463623 
0.353409409523 
0.324544996023 
0.326247990131 
0.280918002129 
0.336632579565 
0.300711363554 
0.294406324625 
0.312042415142 
0.313715457916 
0.307141065598 
0.314666509628 
0.313997089863 
0.317957907915 
0.327265292406 
0.310932487249 
0.328280627728 
0.297839492559 
0.345551997423 
0.319252789021 
0.342140078545 
0.320890069008 
0.318258315325 
0.352006107569 
0.281740248203 
0.304982036352 
0.304983913898 
0.309117674828 
0.343866407871 
0.308896243572 
0.295917272568 
0.31227132678 
0.285167276859 
0.367806255817 
0.334385544062 
0.302914619446 
0.31207293272 
0.316528499126 
0.293977051973 
0.322034418583 
0.328398257494 
0.32635653019 
0.284980475903 
0.298806339502 
0.331349432468 
0.269187241793 
0.322299093008 
0.311220765114 
0.317078262568 
0.28566712141 
0.306737214327 
0.315213561058 
0.320957750082 
0.318575590849 
0.294565588236 
0.341158151627 
0.345708668232 
0.306565761566 
0.319007724524 
0.299899578094 
0.337518274784 
0.322306454182 
0.326714158058 
0.321179032326 
0.298890292645 
0.268491625786 
0.299812734127 
0.307975322008 
0.265554100275 
0.331210553646 
0.300103724003 
0.306271255016 
0.297008484602 
0.361134469509 
0.329288899899 
0.297096401453 
0.322733610868 
0.320808559656 
0.303907960653 
0.296390295029 
0.322355687618 
0.307501137257 
0.316752910614 
0.348996579647 
0.319310605526 
0.28828689456 
0.275870293379 
0.304218828678 
0.321846365929 
0.333987772465 
0.294430136681 
0.294604718685 
0.302401989698 
0.270380586386 
0.311104029417 
0.356669455767 
0.313416898251 
0.302345663309 
0.31821641326 
0.294695079327 
0.317449629307 
0.267968118191 
0.288244515657 
0.313621520996 
0.307768315077 
0.297607839108 
0.342536091805 
0.309369176626 
0.323281615973 
0.296862721443 
0.273875027895 
0.306871265173 
0.303760230541 
0.289965510368 
0.291618168354 
0.326310902834 
0.302969992161 
0.326243668795 
0.289597451687 
0.314825624228 
0.308173298836 
0.30105638504 
0.313457965851 
0.310938924551 
0.302573978901 
0.308784842491 
0.329642802477 
0.345109969378 
0.301137328148 
0.311638861895 
0.332075297832 
0.314912289381 
0.287889569998 
0.326487272978 
0.352679729462 
0.328489482403 
0.326523572206 
0.292075902224 
0.26708906889 
0.297570794821 
0.320086508989 
0.326063960791 
0.347629249096 
0.345294296741 
0.334558993578 
0.290428310633 
0.269320160151 
0.287607878447 
0.29198923707 
0.347855597734 
0.298696935177 
0.291911244392 
0.307236433029 
0.291802078485 
0.304115384817 
0.313557446003 
0.321688115597 
0.338420569897 
0.318958282471 
0.331041306257 
0.291453570127 
0.314415514469 
0.293763786554 
0.340939193964 
0.315153419971 
0.289692372084 
0.307410001755 
0.354131907225 
0.315660178661 
0.344569206238 
0.318541586399 
0.31249037385 
0.316366553307 
0.326753884554 
0.294661253691 
0.332993298769 
0.328159987926 
0.325885027647 
0.309747517109 
0.283950865269 
0.315513849258 
0.295485198498 
0.325596481562 
0.32408374548 
0.290254116058 
0.32919126749 
0.327876031399 
0.321443229914 
0.321171075106 
0.316308230162 
0.313716739416 
0.33566775918 
0.300465613604 
0.309994459152 
0.32877177 
0.31175789237 
0.311170339584 
0.318249225616 
0.289455413818 
0.317711412907 
0.29657304287 
0.292116850615 
0.294780492783 
0.356531530619 
0.312824875116 
0.302511841059 
3.19956827164 
1.73463213444 
1.19236624241 
1.22218096256 
1.02446341515 
0.961148202419 
0.983828008175 
0.975993990898 
0.955843567848 
0.924833118916 
0.873078107834 
0.887516081333 
0.893859386444 
0.915424704552 
0.900138139725 
0.934165656567 
3.17726635933 
2.57257843018 
1.65215456486 
1.18567502499 
1.0153311491 
1.04668259621 
1.01979219913 
0.951688170433 
0.980844020844 
0.935240983963 
0.926810145378 
0.910338461399 
0.882192313671 
0.918439269066 
0.869633197784 
0.912434101105 
0.906167864799 
0.895293951035 
0.884377717972 
0.878995656967 
0.833009302616 
0.895002245903 
0.887104392052 
0.87048637867 
0.871669650078 
0.857825398445 
0.845334410667 
0.84057867527 
0.811037778854 
0.866289675236 
0.823524713516 
0.786395907402 
0.845145046711 
0.794297575951 
0.805331885815 
0.811491549015 
0.816676259041 
0.81543469429 
0.795112133026 
0.841025948524 
0.818798422813 
0.827718913555 
0.792630195618 
0.817081809044 
0.819314241409 
0.810147047043 
0.860505342484 
0.813466131687 
0.857031881809 
0.813274383545 
0.802215099335 
0.810788631439 
0.779644072056 
0.803250014782 
0.776707172394 
0.78882753849 
0.778661251068 
0.769838571548 
0.789211213589 
0.761968970299 
0.782377481461 
0.810008168221 
0.805495142937 
0.798260211945 
0.786667108536 
0.754340291023 
0.769414424896 
0.764513075352 
0.739537477493 
0.779026389122 
0.769186973572 
0.7346367836 
0.783610105515 
0.778880119324 
0.772083938122 
0.760784387589 
0.756910443306 
0.736050963402 
0.750351190567 
0.717444896698 
0.756318151951 
0.710228681564 
0.760526776314 
0.779023051262 
0.743807792664 
0.7478916049 
0.766033649445 
0.762138128281 
0.75395655632 
0.736350357533 
0.75617825985 
0.771530508995 
0.715561151505 
0.727706134319 
0.745455265045 
0.765949130058 
0.736768603325 
0.738244652748 
0.701484560966 
0.731094360352 
0.722584247589 
0.716059625149 
0.739020347595 
0.718510508537 
0.714658021927 
0.714495480061 
0.704308271408 
0.74273622036 
0.733970522881 
0.682166218758 
0.753189563751 
0.709228038788 
0.770095467567 
0.713122367859 
0.703878104687 
0.703391194344 
0.718370974064 
0.738854169846 
0.691888332367 
0.681786119938 
0.674576759338 
0.679297327995 
0.723923921585 
0.694876015186 
0.721365213394 
0.693093419075 
0.689810752869 
0.70569396019 
0.731310665607 
0.680133461952 
0.72118294239 
0.734500229359 
0.677505850792 
0.683450102806 
0.708215594292 
0.680427789688 
0.665085315704 
0.686828494072 
0.692247629166 
0.660285234451 
0.665839850903 
0.702200174332 
0.699537277222 
0.647629618645 
0.713374495506 
0.709689021111 
0.680217504501 
0.677487671375 
0.687784075737 
0.683396041393 
0.688996613026 
0.686718463898 
0.670495688915 
0.62933075428 
0.679507851601 
0.684469938278 
0.646634101868 
0.681409180164 
0.645073890686 
0.62168186903 
0.676004767418 
0.632562875748 
0.634173691273 
0.671244323254 
0.701953291893 
0.66075271368 
0.700500071049 
0.716361761093 
0.703384876251 
0.636030316353 
0.716329813004 
0.673038959503 
0.655464231968 
0.631058096886 
0.683468103409 
0.659687519073 
0.658329606056 
0.689480245113 
0.646287083626 
0.671720981598 
0.638674974442 
0.65952026844 
0.647740364075 
0.673944830894 
0.636785626411 
0.637837171555 
0.665028691292 
0.607165455818 
0.636955738068 
0.676174998283 
0.626807689667 
0.668377995491 
0.664653599262 
0.619506120682 
0.686136484146 
0.608245193958 
0.577399849892 
0.656753182411 
0.633615612984 
0.615368545055 
0.687980830669 
0.627546072006 
0.606075406075 
0.581632733345 
0.596305966377 
0.625903844833 
0.603666365147 
0.623840332031 
0.620677053928 
0.623132407665 
0.664502382278 
0.629840254784 
0.59676104784 
0.694570302963 
0.614273548126 
0.6283608675 
0.642062425613 
0.619119763374 
0.62936937809 
0.637405753136 
0.612536907196 
0.636643052101 
0.638653039932 
0.605681419373 
0.60185700655 
0.611370801926 
0.613008379936 
0.595745265484 
0.633793115616 
0.663109302521 
0.603643059731 
0.601003170013 
0.545397639275 
0.587345540524 
0.596961557865 
0.617478609085 
0.60139799118 
0.6198143363 
0.607121765614 
0.583451151848 
0.554501652718 
0.586874485016 
0.614070892334 
0.638266861439 
0.56818819046 
0.589210391045 
0.613163113594 
0.587117552757 
0.605358481407 
0.580283761024 
0.642313718796 
0.613051533699 
0.602943181992 
0.617714762688 
0.573009967804 
0.615088760853 
0.593520998955 
0.63675904274 
0.582900524139 
0.571834266186 
0.617896974087 
0.599322915077 
0.620885372162 
0.615163087845 
0.577213466167 
0.566488862038 
0.586799860001 
0.576276481152 
0.598749995232 
0.605762481689 
0.610256433487 
0.602091193199 
0.598609268665 
0.5529961586 
0.5950922966 
0.561963558197 
0.571817040443 
0.584884941578 
0.558072209358 
0.594041645527 
0.588085889816 
0.601268410683 
0.570025265217 
0.61298084259 
0.55485612154 
0.570366203785 
0.548557221889 
0.601872086525 
0.569340229034 
0.567643761635 
0.567638754845 
0.575591444969 
0.548279225826 
0.570788502693 
0.53414940834 
0.55051612854 
0.559906125069 
0.596292495728 
0.56249666214 
0.56267029047 
0.591395497322 
0.561087608337 
0.546680688858 
0.517816245556 
0.541733503342 
0.574093222618 
0.59071624279 
0.521057903767 
0.57464581728 
0.560313165188 
0.575498342514 
0.539438545704 
0.509164333344 
0.574149131775 
0.550476670265 
0.55586540699 
0.549228429794 
0.555545806885 
0.550015628338 
0.548582315445 
0.512891411781 
0.548368036747 
0.514538645744 
0.545479655266 
0.565400123596 
0.592748403549 
0.562950730324 
0.498451948166 
0.5323792696 
0.549166083336 
0.514126479626 
0.507900416851 
0.581164956093 
0.523760557175 
0.500594198704 
0.524894714355 
0.534159183502 
0.554452240467 
0.51851183176 
0.568285644054 
0.524178504944 
0.544935524464 
0.481611430645 
0.541736006737 
0.560664236546 
0.539439558983 
0.543330609798 
0.555354952812 
0.549733638763 
0.540393948555 
0.491755247116 
0.503886163235 
0.518490433693 
0.548033237457 
0.502092719078 
0.540090322495 
0.522003114223 
0.532833218575 
0.511301398277 
0.53737539053 
0.537262916565 
0.571806311607 
0.504942059517 
0.563019394875 
0.554039955139 
0.54632383585 
0.512642383575 
0.536343991756 
0.518593907356 
0.529234111309 
0.547315120697 
0.537502110004 
0.520415306091 
0.525183916092 
0.559537351131 
0.522519767284 
0.527961730957 
0.529340386391 
0.549964904785 
0.512976169586 
0.51249653101 
0.519105434418 
0.514779031277 
0.544873178005 
0.516571223736 
0.49631857872 
0.521572887897 
0.534831047058 
0.51749587059 
0.517470598221 
0.538022637367 
0.545425415039 
0.51808732748 
0.530130922794 
0.551968872547 
0.564825713634 
0.499931633472 
0.521748661995 
0.46866774559 
0.535658538342 
0.52646034956 
0.492452979088 
0.520115077496 
0.537711977959 
0.497087776661 
0.479074448347 
0.510610222816 
0.489896059036 
0.517184734344 
0.482019633055 
0.542106509209 
0.510201931 
0.535416662693 
0.520317614079 
0.544896125793 
0.486711084843 
0.503760159016 
0.525237798691 
0.502454936504 
0.49235367775 
0.505393147469 
0.497005403042 
0.541851341724 
0.509752750397 
0.514166891575 
0.48911473155 
0.486643493176 
0.542600691319 
0.527881145477 
0.504814386368 
0.533175289631 
0.518808484077 
0.508919000626 
0.500892877579 
0.515194118023 
0.531487464905 
0.475896477699 
0.493786126375 
0.524291038513 
0.476043194532 
0.502029180527 
0.486960083246 
0.539631903172 
0.467458963394 
0.49256080389 
0.500394701958 
0.497457623482 
0.517412602901 
0.531393170357 
0.540055096149 
0.526078045368 
0.504663169384 
0.497773557901 
0.467442393303 
0.487156361341 
0.486021459103 
0.489198446274 
0.519870996475 
0.47982531786 
0.46219933033 
0.490760564804 
0.488919228315 
0.447247505188 
0.514472961426 
0.488819479942 
0.49486130476 
0.521215558052 
0.526461005211 
0.549169063568 
0.4829236269 
0.510562896729 
0.525394082069 
0.506335496902 
0.477460563183 
0.519830167294 
0.492849946022 
0.517002642155 
0.528296172619 
0.503155469894 
0.489624947309 
0.44960975647 
0.512812077999 
0.470576643944 
0.527045369148 
0.504712104797 
0.481794178486 
0.482620626688 
0.456348121166 
0.492900043726 
0.536463737488 
0.506393074989 
0.503303468227 
0.51694971323 
0.456458002329 
0.517703413963 
0.460447311401 
0.459748655558 
0.504045307636 
0.524114489555 
0.463246077299 
0.538324832916 
0.497780352831 
0.490952432156 
0.486317396164 
0.412544995546 
0.511620283127 
0.470319181681 
0.478919446468 
0.484774887562 
0.512225329876 
0.505291819572 
0.50429224968 
0.46272662282 
0.517575800419 
0.483465313911 
0.526672720909 
0.515207469463 
0.488534986973 
0.474583476782 
0.469716191292 
0.502464652061 
0.538068592548 
0.494701802731 
0.504880666733 
0.522248744965 
0.497993856668 
0.474848091602 
0.519940018654 
0.514032006264 
0.492132335901 
0.513491153717 
0.446035325527 
0.442277312279 
0.467192053795 
0.492908716202 
0.506766438484 
0.489729702473 
0.501937866211 
0.483053267002 
0.455983221531 
0.425602853298 
0.464345693588 
0.494107663631 
0.498611241579 
0.517446041107 
0.476643115282 
0.452654182911 
0.472309559584 
0.488043040037 
0.490412712097 
0.480182230473 
0.518189668655 
0.483232915401 
0.490902930498 
0.471948474646 
0.49150544405 
0.49782705307 
0.515598475933 
0.499733179808 
0.444765210152 
0.502630352974 
0.47799551487 
0.492091476917 
0.516037166119 
0.491315960884 
0.507110834122 
0.500161886215 
0.495582938194 
0.485291868448 
0.481002807617 
0.493747889996 
0.488537818193 
0.499202668667 
0.445127189159 
0.480817109346 
0.458753317595 
0.503866314888 
0.469162732363 
0.443963617086 
0.512139439583 
0.514981210232 
0.490259826183 
0.485094815493 
0.516888797283 
0.475334525108 
0.505212426186 
0.504963815212 
0.490964740515 
0.50874966383 
0.481720507145 
0.472809314728 
0.503080666065 
0.433425694704 
0.478717088699 
0.453308701515 
0.477524399757 
0.469795644283 
0.524351596832 
0.491135329008 
0.47585350275 
0.467676877975 
0.49582016468 
0.471642255783 
0.434923827648 
0.44684034586 
0.492589771748 
0.487437844276 
0.446438550949 
0.491620719433 
0.459960818291 
0.466751933098 
0.449656903744 
0.454593360424 
0.49017906189 
0.479763358831 
0.508397102356 
0.477686941624 
0.513440847397 
0.461773097515 
0.495549082756 
0.437066197395 
0.461602061987 
0.462169408798 
0.469206154346 
0.489059627056 
0.500422596931 
0.503635287285 
0.4703784585 
0.465499281883 
0.495411992073 
0.433311998844 
0.446205377579 
0.48378777504 
0.469374418259 
0.441480875015 
0.446256935596 
0.469295322895 
0.492634028196 
0.445940732956 
0.4503300488 
0.453342497349 
0.504316806793 
0.456764310598 
0.469467908144 
0.501069784164 
0.471479177475 
0.482640773058 
0.470570981503 
0.492634117603 
0.505748987198 
0.446127682924 
0.449860453606 
0.46026083827 
0.456897228956 
0.488967299461 
0.47904843092 
0.470180094242 
0.479834854603 
0.475684136152 
0.461480528116 
0.488137096167 
0.491236150265 
0.456459224224 
0.498653888702 
0.439258992672 
0.482116311789 
0.466487586498 
0.473235249519 
0.457367479801 
0.46568018198 
0.481265068054 
0.468641579151 
0.464904367924 
0.473901480436 
0.459629654884 
0.429437756538 
0.441146731377 
0.462150812149 
0.478882372379 
0.45231321454 
0.458490550518 
0.435285389423 
0.454925239086 
0.511368989944 
0.445600241423 
0.462025403976 
0.490442425013 
0.48250234127 
0.456778526306 
0.470348834991 
0.478805094957 
0.47344404459 
0.482676595449 
0.462398916483 
0.518773198128 
0.47674459219 
0.486085116863 
0.471867740154 
0.409107714891 
0.472747445107 
0.484781384468 
0.444870710373 
0.467949539423 
0.443109571934 
0.447027921677 
0.447366952896 
0.497020542622 
0.453459709883 
0.456905335188 
0.467208355665 
0.456632137299 
0.477512657642 
0.495595574379 
0.449433147907 
0.483052194118 
0.450890541077 
0.47851356864 
0.482774376869 
0.447959065437 
0.447471052408 
0.455139428377 
0.445682138205 
0.467241585255 
0.472142219543 
0.450664639473 
0.466840386391 
0.457177221775 
0.476497620344 
0.46879735589 
0.461287438869 
0.467620611191 
0.452731430531 
0.437467038631 
0.457008123398 
0.474328637123 
0.451061934233 
0.444357305765 
0.46897393465 
0.476592183113 
0.416475147009 
0.46315407753 
0.439659178257 
0.463084280491 
0.415238440037 
0.456345796585 
0.481641530991 
0.440974116325 
0.484987556934 
0.461161136627 
0.486372768879 
0.471178472042 
0.43734896183 
0.459006547928 
0.446793138981 
0.46286791563 
0.45144790411 
0.462446957827 
0.43857306242 
0.442844629288 
0.404068946838 
0.462119519711 
0.451874494553 
0.39867284894 
0.501244962215 
0.44070610404 
0.444535791874 
0.459735989571 
0.498873502016 
0.468677759171 
0.432290822268 
0.472772657871 
0.458730757236 
0.4054235816 
0.435507506132 
0.47161757946 
0.466277241707 
0.452671170235 
0.508076369762 
0.480801939964 
0.423419117928 
0.446137726307 
0.461907327175 
0.454281210899 
0.507471859455 
0.439203381538 
0.460279524326 
0.437020361423 
0.421115398407 
0.437982559204 
0.470171421766 
0.436616718769 
0.447649896145 
0.44053542614 
0.433784306049 
0.495904445648 
0.394544392824 
0.423701614141 
0.467675179243 
0.438886076212 
0.425998747349 
0.510046839714 
0.455760121346 
0.439234912395 
0.430170595646 
0.403806269169 
0.451202869415 
0.441378951073 
0.441330850124 
0.4329867661 
0.449590921402 
0.469865471125 
0.472802340984 
0.433877468109 
0.497673511505 
0.437750607729 
0.484682500362 
0.494413673878 
0.467397630215 
0.459856510162 
0.466077387333 
0.480253815651 
0.490868806839 
0.418343126774 
0.463269233704 
0.471542179585 
0.459148824215 
0.437397897243 
0.442964315414 
0.449259161949 
0.46606272459 
0.474130451679 
0.418986737728 
0.395600914955 
0.439808547497 
0.447738111019 
0.47147333622 
0.470592558384 
0.48810172081 
0.450263917446 
0.424779474735 
0.402281850576 
0.417183697224 
0.425084888935 
0.466663748026 
0.439764082432 
0.432040452957 
0.4379773736 
0.459275394678 
0.455366492271 
0.448277115822 
0.452894866467 
0.460588425398 
0.468525648117 
0.435008317232 
0.445085972548 
0.450816571712 
0.441371679306 
0.483207583427 
0.434331774712 
0.426563382149 
0.469106137753 
0.479995936155 
0.449574112892 
0.480649352074 
0.443500548601 
0.432977318764 
0.467107445002 
0.456868827343 
0.457271039486 
0.479817330837 
0.449871838093 
0.455458343029 
0.458158969879 
0.422533929348 
0.466700971127 
0.411139219999 
0.459239065647 
0.438820689917 
0.435420006514 
0.454465985298 
0.454153597355 
0.453675866127 
0.455027878284 
0.450631976128 
0.419339299202 
0.450970232487 
0.456379622221 
0.47718167305 
0.47674241662 
0.439949691296 
0.469703495502 
0.458170235157 
0.394551128149 
0.454357177019 
0.432260215282 
0.455169945955 
0.429290831089 
0.474604606628 
0.449886262417 
0.46312302351 
0.429767251015 
0.439754903316 
0.487152904272 
0.422873795033 
0.427406489849 
0.458954721689 
0.448418289423 
0.393299758434 
0.448685318232 
0.433237910271 
0.448764055967 
0.397814035416 
0.403356850147 
0.45679962635 
0.447569012642 
0.454692155123 
0.45490860939 
0.452987074852 
0.437159776688 
0.46711730957 
0.415373384953 
0.455959051847 
0.413042962551 
0.431061983109 
0.440045714378 
0.508643865585 
0.452737092972 
0.4382340312 
0.430568277836 
0.473215103149 
0.437341809273 
0.407003939152 
0.457975000143 
0.423810243607 
0.392776072025 
0.409750908613 
0.447020083666 
0.482014358044 
0.466831177473 
0.451444923878 
0.443358302116 
0.479331195354 
0.43515086174 
0.445111662149 
0.474195182323 
0.451221048832 
0.464468896389 
0.454042047262 
0.479784101248 
0.48556292057 
0.407780349255 
0.42491787672 
0.389164984226 
0.426170408726 
0.43191459775 
0.431163012981 
0.435324251652 
0.45653116703 
0.442201733589 
0.422962903976 
0.446572184563 
0.449682295322 
0.426597356796 
0.484293162823 
0.416858494282 
0.445554018021 
0.443874955177 
0.452331751585 
0.426628708839 
0.433266758919 
0.457170128822 
0.410896837711 
0.441837370396 
0.415986776352 
0.438092440367 
0.441630542278 
0.419436812401 
0.427977442741 
0.445215523243 
0.417047083378 
0.406550467014 
0.428700268269 
0.424591630697 
0.450675189495 
0.436599642038 
0.458258658648 
0.445912480354 
0.454426169395 
0.449091017246 
0.458678871393 
0.453821092844 
0.446638375521 
0.45421308279 
0.418298661709 
0.467117965221 
0.482507526875 
0.420628666878 
0.453732311726 
0.412232458591 
0.466847628355 
0.436892151833 
0.41077709198 
0.442485034466 
0.424698650837 
0.425457835197 
0.415536284447 
0.459090471268 
0.407042473555 
0.43818295002 
0.414003789425 
0.462199211121 
0.429951131344 
0.453365683556 
0.450504660606 
0.447747886181 
0.412312358618 
0.428061127663 
0.435793548822 
0.419462680817 
0.43712079525 
0.420578181744 
0.416446954012 
0.441813826561 
0.416206181049 
0.428865939379 
0.441202759743 
0.398003488779 
0.465182185173 
0.425007879734 
0.406621366739 
0.442419677973 
0.42149284482 
0.416709005833 
0.430642724037 
0.455734610558 
0.443085432053 
0.403362989426 
0.429405510426 
0.440191924572 
0.394561976194 
0.431154936552 
0.41841724515 
0.442807286978 
0.391992479563 
0.422480225563 
0.419308274984 
0.437342464924 
0.436847627163 
0.434370696545 
0.432498991489 
0.455058306456 
0.415151655674 
0.44405400753 
0.429389059544 
0.447288513184 
0.428186625242 
0.423320889473 
0.471662580967 
0.429381012917 
0.377202153206 
0.431324988604 
0.433293223381 
0.382943570614 
0.462178319693 
0.416773617268 
0.43782132864 
0.413057804108 
0.461549520493 
0.451668471098 
0.41475725174 
0.452054381371 
0.45074030757 
0.416482269764 
0.425847232342 
0.447449803352 
0.454547226429 
0.422587037086 
0.460121273994 
0.450566709042 
0.412915438414 
0.414565145969 
0.425959438086 
0.419989556074 
0.457742989063 
0.409115105867 
0.416565418243 
0.420311689377 
0.392698943615 
0.41560536623 
0.457236081362 
0.42590880394 
0.450967758894 
0.432831525803 
0.386629164219 
0.459001719952 
0.372266352177 
0.385101377964 
0.437792479992 
0.419622778893 
0.402853935957 
0.438812613487 
0.435023486614 
0.42145127058 
0.414179980755 
0.39401525259 
0.436196684837 
0.428502231836 
0.423424571753 
0.407690227032 
0.447333723307 
0.438598662615 
0.471392422915 
0.398636668921 
0.481889218092 
0.410006970167 
0.427838802338 
0.470863282681 
0.424663007259 
0.418433248997 
0.448381870985 
0.475996822119 
0.470512330532 
0.439059078693 
0.422374665737 
0.471278607845 
0.415899515152 
0.411799788475 
0.42729601264 
0.421456068754 
0.438052594662 
0.451728522778 
0.437016308308 
0.387480556965 
0.417111754417 
0.403267860413 
0.447946071625 
0.440015375614 
0.467860877514 
0.431123256683 
0.403588414192 
0.385728240013 
0.418000429869 
0.421553194523 
0.460777282715 
0.439514309168 
0.4234623909 
0.429768800735 
0.412232428789 
0.447907328606 
0.43333914876 
0.451038599014 
0.450631916523 
0.43976727128 
0.446424841881 
0.422292292118 
0.416266977787 
0.413270384073 
0.475066483021 
0.441006600857 
0.398222923279 
0.408420652151 
0.461270809174 
0.448913097382 
0.447572797537 
0.441122055054 
0.453901171684 
0.437516689301 
0.456228256226 
0.437749385834 
0.464866161346 
0.424342781305 
0.43118429184 
0.440225183964 
0.405218929052 
0.44630843401 
0.386527895927 
0.452810764313 
0.426902890205 
0.400651693344 
0.431207716465 
0.474273562431 
0.44474080205 
0.424659609795 
0.420870512724 
0.431298047304 
0.444968819618 
0.435299932957 
0.426224410534 
0.430498480797 
0.412454366684 
0.439011216164 
0.441545009613 
0.415807187557 
0.424740701914 
0.402507811785 
0.405159592628 
0.423702150583 
0.44658690691 
0.422248125076 
0.413737237453 
0.415032297373 
0.424242436886 
0.41746199131 
0.3914681077 
0.404246866703 
0.470574319363 
0.436590313911 
0.357791721821 
0.448691993952 
0.414592325687 
0.439093112946 
0.388797163963 
0.387820124626 
0.437862664461 
0.435435026884 
0.41466742754 
0.423736333847 
0.410342335701 
0.440435022116 
0.408894717693 
0.39521074295 
0.410963475704 
0.410042226315 
0.434879779816 
0.430580019951 
0.462931275368 
0.44274353981 
0.409421920776 
0.398356020451 
0.437505573034 
0.414600461721 
0.402962058783 
0.432216674089 
0.388457775116 
0.37845236063 
0.388343840837 
0.425559073687 
0.440024644136 
0.431716799736 
0.414692372084 
0.419138967991 
0.456439882517 
0.415164291859 
0.417140305042 
0.445684313774 
0.447043180466 
0.42201140523 
0.441010206938 
0.456283032894 
0.463621973991 
0.394590556622 
0.392207741737 
0.41282632947 
0.417904257774 
0.402192831039 
0.415178120136 
0.393801897764 
0.40810739994 
0.407829761505 
0.417203992605 
0.44397431612 
0.441618174314 
0.419743418694 
0.458462059498 
0.411767870188 
0.429551541805 
0.423338353634 
0.441174805164 
0.398852318525 
0.423855304718 
0.424882769585 
0.39517635107 
0.41522616148 
0.413206517696 
0.428285062313 
0.424419283867 
0.404426723719 
0.43604695797 
0.428513169289 
0.419782489538 
0.389861494303 
0.406563997269 
0.418262541294 
0.451809465885 
0.403240144253 
0.400735557079 
0.436459839344 
0.421456247568 
0.41513633728 
0.427606016397 
0.433974355459 
0.423158586025 
0.432156324387 
0.395703196526 
0.458451390266 
0.448819935322 
0.414162099361 
0.438984751701 
0.376333147287 
0.434701919556 
0.412853479385 
0.398834973574 
0.413332134485 
0.427933186293 
0.408500611782 
0.384885787964 
0.435033142567 
0.383916735649 
0.408535599709 
0.421000748873 
0.431269168854 
0.421048045158 
0.451920419931 
0.415914177895 
0.434895217419 
0.388803124428 
0.412136435509 
0.441036641598 
0.398939430714 
0.390970826149 
0.403177797794 
0.41291230917 
0.430241346359 
0.428324401379 
0.41873601079 
0.411179482937 
0.390210568905 
0.449573636055 
0.432070493698 
0.410629630089 
0.420609146357 
0.416678309441 
0.407650768757 
0.411007583141 
0.409291982651 
0.444369971752 
0.397592872381 
0.405943512917 
0.431144356728 
0.36263269186 
0.40825766325 
0.4072470963 
0.423613965511 
0.379594922066 
0.426908731461 
0.420711040497 
0.396483927965 
0.422341346741 
0.420629620552 
0.446389734745 
0.468278944492 
0.393030941486 
0.398633718491 
0.38969412446 
0.436614513397 
0.40002989769 
0.43065905571 
0.431269973516 
0.427518904209 
0.380377113819 
0.38263258338 
0.394340991974 
0.360826432705 
0.470989704132 
0.420035213232 
0.41840928793 
0.415660440922 
0.470039665699 
0.437945485115 
0.401766836643 
0.416301965714 
0.432552754879 
0.3922534585 
0.402399122715 
0.439702033997 
0.438750982285 
0.411964535713 
0.453633546829 
0.421392023563 
0.385598242283 
0.396159112453 
0.412671029568 
0.401346206665 
0.452468514442 
0.405859351158 
0.39947104454 
0.435832381248 
0.389433801174 
0.390290051699 
0.47560852766 
0.399866074324 
0.385882467031 
0.436247557402 
0.39733427763 
0.439147382975 
0.36247959733 
0.353720158339 
0.403924673796 
0.406359434128 
0.384175777435 
0.455509901047 
0.422136247158 
0.422758221626 
0.400682717562 
0.361932724714 
0.410879075527 
0.413860023022 
0.408428132534 
0.407014012337 
0.409889161587 
0.431842684746 
0.419334352016 
0.391248375177 
0.443577051163 
0.422437220812 
0.400346338749 
0.450049221516 
0.393243789673 
0.412223398685 
0.39673691988 
0.445385605097 
0.4517531991 
0.404218554497 
0.417655289173 
0.45345044136 
0.413672327995 
0.381084561348 
0.420611858368 
0.432347357273 
0.415230065584 
0.428729951382 
0.387456893921 
0.352013111115 
0.399267584085 
0.402555704117 
0.443659186363 
0.437436461449 
0.446972221136 
0.416491001844 
0.380155593157 
0.375584125519 
0.373753845692 
0.391877621412 
0.428348004818 
0.414554953575 
0.400715649128 
0.430167585611 
0.414221704006 
0.409818947315 
0.42729356885 
0.452931821346 
0.430309712887 
0.424783855677 
0.440847158432 
0.420369684696 
0.423595458269 
0.413832455873 
0.436570882797 
0.422099620104 
0.380586117506 
0.406975865364 
0.452393114567 
0.437245696783 
0.443651348352 
0.429192960262 
0.421265244484 
0.438711464405 
0.421169698238 
0.421685874462 
0.453182995319 
0.435607135296 
0.406494140625 
0.423190414906 
0.386847734451 
0.422661364079 
0.393542438745 
0.441713452339 
0.424847900867 
0.41051620245 
0.407092571259 
0.43130838871 
0.432390093803 
0.41675978899 
0.39714962244 
0.406716644764 
0.423872828484 
0.414794325829 
0.415960550308 
0.445781767368 
0.416401803493 
0.416576206684 
0.421132177114 
0.375739663839 
0.408299028873 
0.394398272038 
0.403662472963 
0.396173745394 
0.462750792503 
0.384992808104 
0.406793296337 
