3.29316854477 
3.1405274868 
2.94101214409 
2.78846287727 
2.54824852943 
2.28455305099 
2.07806706429 
1.76222538948 
1.38516712189 
1.0671800375 
0.889802396297 
0.860661029816 
0.867459654808 
0.887176096439 
0.841624140739 
0.862300872803 
0.837623119354 
0.821948647499 
0.82458114624 
0.82238060236 
0.78716480732 
0.811861634254 
0.789835095406 
0.786568641663 
0.780584692955 
0.785086035728 
0.773325681686 
0.728803277016 
0.710329532623 
0.75548517704 
0.720156133175 
0.689253211021 
0.736044943333 
0.681845664978 
0.671491861343 
0.668349981308 
0.696618318558 
0.694700956345 
0.65928196907 
0.670753121376 
0.647300720215 
0.656011104584 
0.613948464394 
0.620514631271 
0.628992974758 
0.624514460564 
0.630437970161 
0.618576645851 
0.634887337685 
0.60755777359 
0.549686312675 
0.572052717209 
0.569024324417 
0.579404115677 
0.576543569565 
0.557031214237 
0.551729679108 
0.554217636585 
0.559534430504 
0.544065177441 
0.57284706831 
0.554855585098 
0.544171631336 
0.565882325172 
0.534800410271 
0.521705985069 
0.533565819263 
0.549488663673 
0.503826439381 
0.510680317879 
0.532970130444 
0.498480290174 
0.526232898235 
0.513355255127 
0.535250544548 
0.484539270401 
0.521368384361 
0.49860471487 
0.493392080069 
0.494587421417 
0.47532916069 
0.482953250408 
0.504845678806 
0.512506902218 
0.499704033136 
0.471208751202 
0.515780806541 
0.506624877453 
0.480968534946 
0.489413559437 
0.509404301643 
0.497745633125 
0.494536370039 
0.469640314579 
0.527223050594 
0.540987312794 
0.489018082619 
0.497145473957 
0.4348526299 
0.498315751553 
0.462516158819 
0.460287094116 
0.487010896206 
0.465108394623 
0.464318364859 
0.444892823696 
0.492917001247 
0.451982855797 
0.463675349951 
0.449720680714 
0.477458715439 
0.465669810772 
0.506422698498 
0.462208151817 
0.498987853527 
0.440762847662 
0.456380546093 
0.497110009193 
0.425207078457 
0.441012978554 
0.456518054008 
0.448109358549 
0.490203619003 
0.467232197523 
0.444903492928 
0.44282412529 
0.42830991745 
0.50555574894 
0.457857131958 
0.456615865231 
0.45529794693 
0.432049691677 
0.423804521561 
0.430959016085 
0.460409283638 
0.467991650105 
0.400085270405 
0.441367506981 
0.455671787262 
0.428382098675 
0.459261119366 
0.428533256054 
0.446572065353 
0.394707322121 
0.451375603676 
0.419418394566 
0.435710251331 
0.455448180437 
0.428814947605 
0.465650558472 
0.460821330547 
0.403367877007 
0.438403010368 
0.413966447115 
0.444129675627 
0.421668738127 
0.429751515388 
0.450078368187 
0.439082026482 
0.36897289753 
0.410363972187 
0.406845420599 
0.381518810987 
0.471324473619 
0.429038465023 
0.410241752863 
0.403971612453 
0.475287735462 
0.450396239758 
0.386417269707 
0.416789889336 
0.427844166756 
0.391549438238 
0.400835156441 
0.433708667755 
0.427033543587 
0.409986674786 
0.452265799046 
0.43193089962 
0.390904158354 
0.388603746891 
0.414291262627 
0.400381714106 
0.452502071857 
0.399220108986 
0.400637507439 
0.402270793915 
0.373342096806 
0.390618443489 
0.463678777218 
0.411199688911 
0.404002964497 
0.417998969555 
0.364005327225 
0.423617094755 
0.360073804855 
0.373072624207 
0.401540637016 
0.409209012985 
0.374338388443 
0.440327465534 
0.423283100128 
0.416930526495 
0.398442625999 
0.366670548916 
0.401973545551 
0.399018585682 
0.379520893097 
0.388746380806 
0.413140952587 
0.399892628193 
0.426733016968 
0.379771113396 
0.410803258419 
0.406033277512 
0.400229036808 
0.425366222858 
0.409318029881 
0.409607410431 
0.39746004343 
0.413625478745 
0.448562562466 
0.379482150078 
0.415438294411 
0.432622820139 
0.400880545378 
0.387365579605 
0.406403332949 
0.433616638184 
0.418579488993 
0.422681093216 
0.37469792366 
0.334867060184 
0.371197789907 
0.40057849884 
0.425059258938 
0.429076254368 
0.42881411314 
0.406731963158 
0.369317948818 
0.341037184 
0.356947600842 
0.376357257366 
0.427418589592 
0.384338915348 
0.368165791035 
0.387838453054 
0.386921703815 
0.397317290306 
0.407485485077 
0.416591733694 
0.423847526312 
0.431320309639 
0.420138806105 
0.373165935278 
0.403196573257 
0.369502365589 
0.413152843714 
0.388088315725 
0.354207396507 
0.378297001123 
0.427167236805 
0.421312391758 
0.425424218178 
0.39592063427 
0.397532343864 
0.395117253065 
0.404579222202 
0.381726861 
0.412798196077 
0.412327736616 
0.397525697947 
0.406043887138 
0.363339960575 
0.391601473093 
0.352125644684 
0.404998660088 
0.402276217937 
0.362835586071 
0.40219771862 
0.404524207115 
0.412079811096 
0.397581875324 
0.383131623268 
0.385596930981 
0.401607811451 
0.359654605389 
0.38439270854 
0.405387252569 
0.373467087746 
0.3938973248 
0.3880597651 
0.354951322079 
0.397598087788 
0.360943555832 
0.363703489304 
0.372309505939 
0.417249143124 
0.379769921303 
0.374896973372 
0.364022254944 
0.383937001228 
0.393445581198 
0.346863389015 
0.356290638447 
0.389832705259 
0.395862907171 
0.332928925753 
0.383632391691 
0.349312245846 
0.37453904748 
0.343383848667 
0.350367546082 
0.412328481674 
0.387190818787 
0.370185136795 
0.410283267498 
0.408487647772 
0.361405491829 
0.408931016922 
0.34075319767 
0.380425930023 
0.357719957829 
0.371195614338 
0.38551774621 
0.426555871964 
0.406268179417 
0.36366006732 
0.363336741924 
0.401466220617 
0.350290596485 
0.345818281174 
0.372992575169 
0.336057752371 
0.345352202654 
0.359476715326 
0.388742864132 
0.381413251162 
0.374053895473 
0.397537022829 
0.369320482016 
0.393921941519 
0.364293396473 
0.369612842798 
0.406484276056 
0.371057569981 
0.391116440296 
0.380724400282 
0.401638567448 
0.371173143387 
0.320104122162 
0.358795464039 
0.344275951385 
0.381167411804 
0.353945106268 
0.379098325968 
0.372401416302 
0.371035039425 
0.36196655035 
0.367364674807 
0.382568776608 
0.391675978899 
0.364702820778 
0.39970985055 
0.354843765497 
0.377554297447 
0.375281184912 
0.393891006708 
0.332537740469 
0.38277605176 
0.377406775951 
0.353090554476 
0.367825657129 
0.364791452885 
0.372548758984 
0.34411251545 
0.361282765865 
0.36335426569 
0.370968461037 
0.347673594952 
0.362457960844 
0.34630638361 
0.394282758236 
0.386197865009 
0.354666531086 
0.34360653162 
0.388112157583 
0.38651779294 
0.355670511723 
0.390305101871 
0.384708940983 
0.371057510376 
0.377661347389 
0.361265778542 
0.384529292583 
0.399833679199 
0.362183362246 
0.373635649681 
0.322870641947 
0.381067812443 
0.352306425571 
0.338812440634 
0.359611421824 
0.36275807023 
0.351028203964 
0.351703286171 
0.369951337576 
0.369554132223 
0.373850315809 
0.350897610188 
0.37745064497 
0.350730955601 
0.400039851665 
0.366750508547 
0.385750770569 
0.349659830332 
0.36396458745 
0.392076194286 
0.329163640738 
0.343484342098 
0.346619218588 
0.359092742205 
0.401357263327 
0.360033929348 
0.347575485706 
0.357359647751 
0.336753457785 
0.412535130978 
0.374334961176 
0.345572590828 
0.35610935092 
0.355614811182 
0.331722080708 
0.36130592227 
0.367293745279 
0.378051847219 
0.331895500422 
0.352919191122 
0.36941665411 
0.324322581291 
0.372435301542 
0.351512491703 
0.359281301498 
0.325134009123 
0.354065895081 
0.352466106415 
0.367565482855 
0.365571558475 
0.344564855099 
0.386181384325 
0.396221190691 
0.338562250137 
0.354849457741 
0.340990334749 
0.377092421055 
0.354826301336 
0.36364787817 
0.365693569183 
0.354280799627 
0.309466063976 
0.346579194069 
0.344747543335 
0.307692140341 
0.387971282005 
0.348668038845 
0.348016560078 
0.339035302401 
0.402970790863 
0.374078422785 
0.338922381401 
0.358968764544 
0.359512597322 
0.335278391838 
0.34209048748 
0.37492749095 
0.355460703373 
0.346134990454 
0.387760311365 
0.362795114517 
0.329211086035 
0.316923677921 
0.345171451569 
0.358556240797 
0.376758277416 
0.339285463095 
0.335900962353 
0.340673685074 
0.317000776529 
0.340125381947 
0.398299604654 
0.352893382311 
0.3439065516 
0.359518676996 
0.329237937927 
0.36127781868 
0.3054946661 
0.325054258108 
0.349610418081 
0.353320419788 
0.33136293292 
0.386852383614 
0.358538091183 
0.356941878796 
0.34491288662 
0.313346415758 
0.35240226984 
0.336924046278 
0.330480217934 
0.336899131536 
0.364183872938 
0.352167010307 
0.37064859271 
0.33023172617 
0.353441059589 
0.349378734827 
0.351404368877 
0.358985126019 
0.348418653011 
0.351652354002 
0.357032716274 
0.362551093102 
0.391923844814 
0.334816932678 
0.357830911875 
0.375759124756 
0.349455028772 
0.331388503313 
0.366628110409 
0.386761039495 
0.368959635496 
0.370767593384 
0.328522622585 
0.295705676079 
0.325745761395 
0.358206450939 
0.377552568913 
0.380971342325 
0.384448051453 
0.364602863789 
0.32507610321 
0.29862216115 
0.321508735418 
0.331726551056 
0.392552435398 
0.338470935822 
0.329548239708 
0.340329200029 
0.333193361759 
0.346179932356 
0.354209631681 
0.357377886772 
0.372351706028 
0.367871701717 
0.376704186201 
0.327935993671 
0.350150108337 
0.335494995117 
0.36750459671 
0.347124874592 
0.316927373409 
0.340346813202 
0.390217870474 
0.372285068035 
0.386854231358 
0.353640407324 
0.354934215546 
0.354276180267 
0.366061210632 
0.338918328285 
0.369611799717 
0.375486642122 
0.361929416656 
0.365554481745 
0.323676884174 
0.353276193142 
0.322198241949 
0.365779936314 
0.36005422473 
0.327442169189 
0.363067269325 
0.365436911583 
0.366416841745 
0.360350430012 
0.346890360117 
0.351429015398 
0.363911151886 
0.328964531422 
0.342246174812 
0.36893722415 
0.341252803802 
0.348381310701 
0.346662044525 
0.320765376091 
0.355540454388 
0.322031348944 
0.33028626442 
0.334235489368 
0.383494913578 
0.349580943584 
0.334416210651 
0.335664570332 
0.338578492403 
0.357387930155 
0.322457492352 
0.325182557106 
0.350877970457 
0.361382067204 
0.305319517851 
0.35444933176 
0.311217308044 
0.339658945799 
0.313598752022 
0.312429308891 
0.373470187187 
0.341841191053 
0.334539115429 
0.365838825703 
0.369870394468 
0.329304516315 
0.366522818804 
0.308978497982 
0.349144339561 
0.323323100805 
0.341407001019 
0.354234963655 
0.393972814083 
0.378219246864 
0.327992916107 
0.326757073402 
0.362431317568 
0.314499437809 
0.31395804882 
0.342531651258 
0.304446667433 
0.318534433842 
0.335468322039 
0.341640412807 
0.339579641819 
0.34337630868 
0.356017649174 
0.340590536594 
0.352266073227 
0.326516389847 
0.330649375916 
0.370454192162 
0.330405831337 
0.355893194675 
0.350068926811 
0.374727398157 
0.335193097591 
0.291212469339 
0.329586803913 
0.320070445538 
0.337945073843 
0.326214402914 
0.346413969994 
0.345830142498 
0.333165884018 
0.32673022151 
0.329674065113 
0.349225908518 
0.358977675438 
0.342686027288 
0.369632482529 
0.326612114906 
0.347927063704 
0.345554232597 
0.357642769814 
0.301533639431 
0.351634860039 
0.343553423882 
0.330174654722 
0.337962269783 
0.340630292892 
0.339340388775 
0.315830677748 
0.332665413618 
0.32694631815 
0.342011213303 
0.316598415375 
0.342813909054 
0.315988183022 
0.360423147678 
0.359672963619 
0.324947148561 
0.314623832703 
0.357940673828 
0.35347700119 
0.324226588011 
0.35713866353 
0.359601318836 
0.345114201307 
0.351581096649 
0.334137707949 
0.351639032364 
0.366934508085 
0.338863641024 
0.34492212534 
0.302160471678 
0.35214099288 
0.328003466129 
0.316548258066 
0.332803636789 
0.336909323931 
0.327984511852 
0.331894516945 
0.336679130793 
0.344187438488 
0.346620738506 
0.325553297997 
0.349421113729 
0.324667036533 
0.365584820509 
0.339040875435 
0.357780724764 
0.323935747147 
0.337515056133 
0.365319550037 
0.303588658571 
0.32023358345 
0.315427601337 
0.329951554537 
0.369240254164 
0.329593837261 
0.319176673889 
0.333073318005 
0.309660702944 
0.38356256485 
0.354263424873 
0.315967917442 
0.332616537809 
0.333004623652 
0.313737213612 
0.340994715691 
0.344139069319 
0.347817331553 
0.30816078186 
0.324620097876 
0.343568682671 
0.29292178154 
0.345139235258 
0.332306981087 
0.333577871323 
0.299750953913 
0.330927282572 
0.331667721272 
0.343178629875 
0.334980338812 
0.316670924425 
0.362835586071 
0.365145385265 
0.32091230154 
0.332075297832 
0.322234094143 
0.361814081669 
0.337073683739 
0.343905866146 
0.342739522457 
0.328637033701 
0.288578122854 
0.317772388458 
0.325409919024 
0.283083617687 
0.359200060368 
0.320807367563 
0.327656447887 
0.317832350731 
0.382301598787 
0.350297391415 
0.31581312418 
0.338231086731 
0.341080307961 
0.318921178579 
0.318306714296 
0.348776340485 
0.329401373863 
0.32864060998 
0.365190088749 
0.335788667202 
0.306864023209 
0.298871487379 
0.324253261089 
0.341044098139 
0.348167777061 
0.317750811577 
0.316390037537 
0.317317485809 
0.28777846694 
0.326031565666 
0.372001767159 
0.329648345709 
0.32100263238 
0.337087035179 
0.309282779694 
0.338511556387 
0.283305823803 
0.30641412735 
0.326349198818 
0.325809538364 
0.315227270126 
0.36471170187 
0.336590945721 
0.336577236652 
0.319363534451 
0.28849875927 
0.330064833164 
0.314206391573 
0.308259993792 
0.315937042236 
0.344241708517 
0.327738404274 
0.343919038773 
0.308764994144 
0.33236259222 
0.32455021143 
0.324224889278 
0.332079827785 
0.32663616538 
0.324691563845 
0.327250599861 
0.341616272926 
0.365862220526 
0.313243597746 
0.328383237123 
0.34642252326 
0.329551160336 
0.308046132326 
0.347480773926 
0.364760160446 
0.344965100288 
0.345169961452 
0.307592630386 
0.278885871172 
0.304983586073 
0.336113423109 
0.349252700806 
0.358053982258 
0.359371542931 
0.345686256886 
0.307516872883 
0.28491678834 
0.303565621376 
0.312606066465 
0.366542220116 
0.315574020147 
0.310348153114 
0.319831460714 
0.308297991753 
0.320449620485 
0.326030820608 
0.336420297623 
0.350297689438 
0.343655765057 
0.355775743723 
0.304745703936 
0.326537847519 
0.309375703335 
0.347918152809 
0.32411801815 
0.300114452839 
0.318779110909 
0.367870330811 
0.342566370964 
0.367313832045 
0.331317692995 
0.331348747015 
0.336829960346 
0.339855968952 
0.320209115744 
0.348820596933 
0.349865108728 
0.341830164194 
0.335778862238 
0.302168309689 
0.331880390644 
0.304825872183 
0.34148645401 
0.336645454168 
0.306445777416 
0.3433380723 
0.343404173851 
0.34028801322 
0.337317168713 
0.328550517559 
0.327989965677 
0.346381098032 
0.309654027224 
0.322925806046 
0.349422633648 
0.322203695774 
0.323380768299 
0.32919639349 
0.302620470524 
0.332881450653 
0.303789079189 
0.310138940811 
0.313752651215 
0.366330683231 
0.330402374268 
0.311884522438 
0.318958073854 
0.317162543535 
0.33611407876 
0.308425605297 
0.311763763428 
0.332431435585 
0.346527069807 
0.290695905685 
0.337381005287 
0.293358385563 
0.323780030012 
0.296822041273 
0.29391759634 
0.352016806602 
0.323892891407 
0.315850943327 
0.343093365431 
0.347075819969 
0.311968713999 
0.344586372375 
0.293921709061 
0.329619586468 
0.306754946709 
0.323873221874 
0.339508295059 
0.374797254801 
0.355790048838 
0.308984577656 
0.305247813463 
0.34126290679 
0.29686832428 
0.294169545174 
0.32650411129 
0.288255572319 
0.304968893528 
0.316724091768 
0.320632487535 
0.318652451038 
0.326432138681 
0.333998709917 
0.321494728327 
0.333422422409 
0.304440140724 
0.313182204962 
0.353312015533 
0.310776025057 
0.337953031063 
0.32965824008 
0.357995390892 
0.314420968294 
0.279319167137 
0.312879681587 
0.303670823574 
0.314794898033 
0.312260448933 
0.328932106495 
0.32782843709 
0.316981464624 
0.307042986155 
0.310453534126 
0.328281313181 
0.340161591768 
0.326056182384 
0.352522909641 
0.310178905725 
0.328308284283 
0.327121436596 
0.332830667496 
0.283533543348 
0.332414358854 
0.32453802228 
0.314618051052 
0.323763400316 
0.323854327202 
0.320575416088 
0.298784464598 
0.314663022757 
0.306066393852 
0.320960104465 
0.301734954119 
0.330139547586 
0.301857829094 
0.342420727015 
0.339713513851 
0.309508144855 
0.301406115294 
0.340833485126 
0.336463332176 
0.308821499348 
0.341523557901 
0.343972116709 
0.330697357655 
0.335393399 
0.320403307676 
0.335365593433 
0.348763585091 
0.321998715401 
0.328671216965 
0.287689685822 
0.334479868412 
0.308621823788 
0.301142007113 
0.317059218884 
0.321610122919 
0.313019245863 
0.317073315382 
0.318444550037 
0.325778722763 
0.328963220119 
0.308393537998 
0.331548780203 
0.308445125818 
0.346913188696 
0.319036334753 
0.338856160641 
0.307396322489 
0.322030246258 
0.348558157682 
0.288145780563 
0.307333052158 
0.301832675934 
0.311296790838 
0.347288370132 
0.310597538948 
0.301783800125 
0.315266519785 
0.29347795248 
0.361752718687 
0.342229485512 
0.302262634039 
0.314544051886 
0.319415062666 
0.299791395664 
0.325456321239 
0.332590967417 
0.328545212746 
0.294964402914 
0.30387377739 
0.326107054949 
0.274358808994 
0.3272356987 
0.317012041807 
0.3178781569 
0.284878790379 
0.314736962318 
0.316140830517 
0.322929978371 
0.315863072872 
0.298601567745 
0.349234074354 
0.346808850765 
0.308224380016 
0.315167248249 
0.305337905884 
0.342274546623 
0.322250127792 
0.329789876938 
0.323281824589 
0.312530845404 
0.27435734868 
0.304521232843 
0.309711039066 
0.267168849707 
0.339518427849 
0.305022567511 
0.316096156836 
0.30422821641 
0.367220282555 
0.331459283829 
0.298085868359 
0.325735867023 
0.326392531395 
0.307300567627 
0.302904099226 
0.332497984171 
0.311727434397 
0.312869101763 
0.353222846985 
0.316524088383 
0.292184501886 
0.287091761827 
0.309257924557 
0.325645714998 
0.331182003021 
0.301272243261 
0.300490349531 
0.307050645351 
0.271975934505 
0.316437989473 
0.355765879154 
0.314634144306 
0.30730125308 
0.321449756622 
0.296093672514 
0.321527957916 
0.26577937603 
0.292106330395 
0.313254535198 
0.308607786894 
0.302034020424 
0.345949232578 
0.32017493248 
0.317008137703 
0.304801255465 
0.2743242383 
0.313481092453 
0.296746969223 
0.291137844324 
0.301162779331 
0.32909694314 
0.308499872684 
0.3278208673 
0.294692784548 
0.317956268787 
0.30662176013 
0.308793187141 
0.319180428982 
0.314066022635 
0.30954438448 
0.313549548388 
0.329466789961 
0.348553866148 
0.300161093473 
0.315479516983 
0.331152617931 
0.316911280155 
0.292481899261 
0.332250595093 
0.351622194052 
0.3289963305 
0.330320864916 
0.29227861762 
0.270011097193 
0.293634563684 
0.320346593857 
0.329905390739 
0.342611908913 
0.343518823385 
0.332604885101 
0.294276237488 
0.274531424046 
0.290376007557 
0.298659741879 
0.34691375494 
0.302322506905 
0.297903299332 
0.308524101973 
0.294702589512 
0.305423259735 
0.310726583004 
0.321597099304 
0.334680736065 
0.32783639431 
0.341073215008 
0.292494684458 
0.313326358795 
0.297859817743 
0.338172227144 
0.313294649124 
0.289491206408 
0.306212425232 
0.352477282286 
0.322256803513 
0.350618153811 
0.317711293697 
0.314116537571 
0.320001661777 
0.320545643568 
0.306453287601 
0.335138678551 
0.332636654377 
0.325534641743 
0.31680983305 
0.292786180973 
0.319110453129 
0.292882800102 
0.323770552874 
0.321814000607 
0.291973084211 
0.330775916576 
0.326749145985 
0.325554639101 
0.3202226758 
0.320016890764 
0.315241158009 
0.333196878433 
0.29955920577 
0.312035083771 
0.337358802557 
0.313513457775 
0.309045255184 
0.316312491894 
0.291761934757 
0.32002851367 
0.293193101883 
0.298174023628 
0.301424860954 
0.354787915945 
0.315346956253 
0.300218462944 
0.306620538235 
0.301813006401 
0.324030071497 
0.296581298113 
0.303186774254 
0.322399646044 
0.336213409901 
0.280904442072 
0.322921454906 
0.284346491098 
0.314140319824 
0.285179853439 
0.280957430601 
0.334343135357 
0.30883461237 
0.307884573936 
0.328798592091 
0.332004219294 
0.301662147045 
0.332622170448 
0.283340364695 
0.317729115486 
0.295580327511 
0.313005208969 
0.329977452755 
0.359438836575 
0.341074675322 
0.294418305159 
0.292273879051 
0.33095407486 
0.285379439592 
0.284417331219 
0.314492940903 
0.278678327799 
0.293756037951 
0.305296003819 
0.305486023426 
0.306340157986 
0.313454329967 
0.321475327015 
0.309119224548 
0.323948770761 
0.288497418165 
0.298904240131 
0.340556174517 
0.297209948301 
0.321670293808 
0.319382250309 
0.344030410051 
0.302954405546 
0.270906329155 
0.302030175924 
0.292604714632 
0.300789952278 
0.301294237375 
0.318690270185 
0.314470529556 
0.303706586361 
0.29552012682 
0.300311475992 
0.315579771996 
0.3281660676 
0.316009938717 
0.340029209852 
0.299262940884 
0.316879034042 
0.313602387905 
0.315933853388 
0.273702919483 
0.31922018528 
0.311079025269 
0.305588304996 
0.31441873312 
0.313464701176 
0.307748377323 
0.287677139044 
0.302167952061 
0.293998301029 
0.307079792023 
0.290120542049 
0.318795889616 
0.291943848133 
0.331089228392 
0.325385212898 
0.299559772015 
0.295264303684 
0.328534811735 
0.324780225754 
0.297783493996 
0.329048603773 
0.335326850414 
0.31871432066 
0.324122458696 
0.312259018421 
0.326275289059 
0.335335850716 
0.307345718145 
0.319450765848 
0.27883836627 
0.319597840309 
0.294747561216 
0.292757213116 
0.305365502834 
0.311042636633 
0.304995834827 
0.305820435286 
0.303874790668 
0.313830792904 
0.315291851759 
0.298481374979 
0.317848563194 
0.296607911587 
0.333315432072 
0.305924594402 
0.325638949871 
0.296277344227 
0.312512397766 
0.338131725788 
0.277824312449 
0.29879117012 
0.294911324978 
0.297294765711 
0.331500470638 
0.296520709991 
0.289551436901 
0.301968455315 
0.282717108727 
0.350371688604 
0.329508334398 
0.292976260185 
0.301494777203 
0.307543992996 
0.290244966745 
0.313401162624 
0.320432364941 
0.312927126884 
0.282890677452 
0.291040420532 
0.314202904701 
0.262704908848 
0.313449829817 
0.307069003582 
0.308618605137 
0.27279099822 
0.304525822401 
0.305226385593 
0.310766637325 
0.302627176046 
0.286723911762 
0.338375151157 
0.335736691952 
0.300377994776 
0.306187063456 
0.293979674578 
0.329746097326 
0.310594260693 
0.320962548256 
0.312792629004 
0.299897074699 
0.26583647728 
0.297348350286 
0.30124360323 
0.257960796356 
0.32830670476 
0.295698821545 
0.309350132942 
0.295168042183 
0.355794072151 
0.318396866322 
0.287145495415 
0.316595107317 
0.314344018698 
0.297460049391 
0.292620867491 
0.320816248655 
0.299535423517 
0.302507638931 
0.342457324266 
0.303447723389 
0.283864080906 
0.277304142714 
0.297318994999 
0.314627856016 
0.319331616163 
0.290123999119 
0.289683043957 
0.29414716363 
0.262487232685 
0.30843526125 
0.340544641018 
0.303634762764 
0.296470403671 
0.311356842518 
0.286563873291 
0.308313369751 
0.255817353725 
0.283242940903 
0.301453083754 
0.296013563871 
0.287720829248 
0.330107867718 
0.309008568525 
0.304064303637 
0.293026447296 
0.262445002794 
0.301744371653 
0.284125506878 
0.280494749546 
0.291621625423 
0.317818850279 
0.291947931051 
0.316374570131 
0.281822860241 
0.307237446308 
0.294913709164 
0.295386433601 
0.308403849602 
0.303758740425 
0.298134595156 
0.301490902901 
0.318880587816 
0.333737432957 
0.289348512888 
0.306220084429 
0.31863629818 
0.306467741728 
0.280852347612 
0.321510076523 
0.342074990273 
0.318481981754 
0.317889034748 
0.281745195389 
0.261771529913 
0.285569339991 
0.308255672455 
0.315282285213 
0.329880952835 
0.330451756716 
0.324091166258 
0.283355921507 
0.263759642839 
0.278903841972 
0.289540052414 
0.329803168774 
0.291106343269 
0.289141178131 
0.297898173332 
0.285994380713 
0.296304792166 
0.301268994808 
0.313549607992 
0.32474398613 
0.31615793705 
0.329283714294 
0.28443261981 
0.304800629616 
0.286707758904 
0.329485625029 
0.303496330976 
0.281420975924 
0.298043191433 
0.339470952749 
0.306300342083 
0.336064070463 
0.30844527483 
0.301050752401 
0.30883038044 
0.308099299669 
0.296452820301 
0.327132374048 
0.319032996893 
0.314099997282 
0.301671117544 
0.28481182456 
0.308952778578 
0.286217778921 
0.308155059814 
0.313098192215 
0.279401838779 
0.321402221918 
0.315312355757 
0.313117086887 
0.307426691055 
0.314115941525 
0.303332865238 
0.322048664093 
0.294628977776 
0.304007202387 
0.328611075878 
0.30567830801 
0.297631859779 
0.309437513351 
0.283020585775 
0.30886310339 
0.284720003605 
0.286263614893 
0.290283739567 
0.343082517385 
0.305710613728 
0.290357112885 
0.297171980143 
0.292157620192 
0.313935607672 
0.287643134594 
0.294768661261 
0.313630819321 
0.327380776405 
0.273736029863 
0.311729997396 
0.277647316456 
0.302914857864 
0.276133835316 
0.275286734104 
0.32258400321 
0.297362685204 
0.300329834223 
0.316231220961 
0.31808578968 
0.295178890228 
0.320466697216 
0.276227116585 
0.307968199253 
0.287318348885 
0.303532987833 
0.320199787617 
0.350498229265 
0.328882098198 
0.284268885851 
0.2824639678 
0.320564508438 
0.27608564496 
0.27400624752 
0.304699838161 
0.273221969604 
0.284129977226 
0.293563067913 
0.293537676334 
0.297545164824 
0.304371654987 
0.311890721321 
0.300214469433 
0.311266809702 
0.279134899378 
0.29027813673 
0.330196321011 
0.288266152143 
0.310918480158 
0.311607241631 
0.332791090012 
0.29369944334 
0.263869404793 
0.292110681534 
0.288412392139 
0.289726734161 
0.291868120432 
0.313163787127 
0.302695482969 
0.291815817356 
0.288949728012 
0.289225310087 
0.307474851608 
0.318029075861 
0.308552145958 
0.330700755119 
0.291684299707 
0.304882496595 
0.30407217145 
0.302798777819 
0.264725297689 
0.310090631247 
0.302033662796 
0.298833012581 
0.306335061789 
0.304943084717 
0.299570590258 
0.279491901398 
0.292197585106 
0.282943427563 
0.294649004936 
0.28013330698 
0.308588504791 
0.284744560719 
0.319664031267 
0.308696210384 
0.294234216213 
0.288682579994 
0.315364539623 
0.318026185036 
0.288850724697 
0.319770008326 
0.325219064951 
0.310273259878 
0.314636141062 
0.30502974987 
0.31762316823 
0.328355312347 
0.29697740078 
0.313087016344 
0.269731044769 
0.310862064362 
0.283004313707 
0.284090697765 
0.295921683311 
0.300649881363 
0.296825945377 
0.297019004822 
0.292843312025 
0.305589079857 
0.304072469473 
0.28991818428 
0.308027565479 
0.287253856659 
0.326033055782 
0.295621722937 
0.317367881536 
0.289151400328 
0.30285820365 
0.328370034695 
0.268824130297 
0.29182690382 
0.28638485074 
0.287003695965 
0.321586102247 
0.289130449295 
0.278874158859 
0.293398857117 
0.274818301201 
0.337619632483 
0.31818279624 
0.287425726652 
0.2912568748 
0.298577964306 
0.285624653101 
0.300417780876 
0.310072988272 
0.301264256239 
0.271467357874 
0.281175523996 
0.306135118008 
0.254478693008 
0.30470725894 
0.297935843468 
0.30189448595 
0.263937741518 
0.296045780182 
0.297292619944 
0.301930427551 
0.290887832642 
0.277124464512 
0.328252017498 
0.324045330286 
0.293304741383 
0.296265244484 
0.283213585615 
0.318208217621 
0.297915935516 
0.310402452946 
0.302529841661 
0.287624239922 
0.2556656003 
0.289741814137 
0.28932082653 
0.25180464983 
0.316268503666 
0.288498967886 
0.301179796457 
0.287786930799 
0.343432277441 
0.308473408222 
0.279717504978 
0.311422675848 
0.306431949139 
0.290019750595 
0.284923315048 
0.310232311487 
0.288238227367 
0.293492794037 
0.335337847471 
0.29562741518 
0.275933802128 
0.268065452576 
0.289452910423 
0.306152909994 
0.307847082615 
0.279372274876 
0.282606899738 
0.287858814001 
0.254118859768 
0.303066432476 
0.334398835897 
0.295248240232 
0.294338643551 
0.300547927618 
0.283729881048 
0.30370169878 
0.25002259016 
0.275679677725 
0.295185387135 
0.29012042284 
0.28141027689 
0.321666479111 
0.298767030239 
0.29458090663 
0.28473341465 
0.253075629473 
0.29154586792 
0.275993078947 
0.273475974798 
0.28527879715 
0.306884855032 
0.282059371471 
0.308548599482 
0.273714572191 
0.297761231661 
0.287349969149 
0.285640537739 
0.297679364681 
0.296934634447 
0.289189010859 
0.292572826147 
0.311405718327 
0.323524832726 
0.282671630383 
0.297392696142 
0.308884978294 
0.296467363834 
0.276056557894 
0.312649458647 
0.328691571951 
0.311664581299 
0.309172600508 
0.272853940725 
0.255048066378 
0.276803731918 
0.298407256603 
0.307319998741 
0.321464121342 
0.322560966015 
0.315152704716 
0.278335869312 
0.257622987032 
0.271866589785 
0.283550471067 
0.320696681738 
0.281828403473 
0.280532896519 
0.290971457958 
0.277959048748 
0.288247585297 
0.289985924959 
0.306216776371 
0.316024035215 
0.307342916727 
0.316701054573 
0.280089557171 
0.294966876507 
0.277727544308 
0.32372379303 
0.295116484165 
0.272451221943 
0.293090909719 
0.329458028078 
0.294074118137 
0.32438158989 
0.299703240395 
0.289714694023 
0.300274670124 
0.300806969404 
0.28658413887 
0.322922050953 
0.306752502918 
0.311902374029 
0.296823441982 
0.278028279543 
0.303092569113 
0.281008988619 
0.302473694086 
0.304006129503 
0.270339518785 
0.311579555273 
0.30727994442 
0.304411232471 
0.297518610954 
0.306120485067 
0.293297767639 
0.312707096338 
0.287780702114 
0.296335220337 
0.318108350039 
0.296406030655 
0.286923497915 
0.301459431648 
0.275904595852 
0.300679296255 
0.280098378658 
0.276754707098 
0.282025068998 
0.334632635117 
0.296985566616 
0.285865724087 
0.288890421391 
0.284465909004 
0.305154800415 
0.279383927584 
0.28266403079 
0.307525187731 
0.320362269878 
0.266627252102 
0.304491639137 
0.269463419914 
0.294468104839 
0.26981317997 
0.266381174326 
0.311919003725 
0.289109736681 
0.292694628239 
0.306602030993 
0.308703482151 
0.290681868792 
0.309979200363 
0.270928710699 
0.300744652748 
0.28126552701 
0.295959532261 
0.312495410442 
0.341523766518 
0.320428162813 
0.276689261198 
0.273649692535 
0.314887583256 
0.268510580063 
0.265425890684 
0.300411999226 
0.268242001534 
0.276382923126 
0.283504396677 
0.285207003355 
0.29017585516 
0.295737504959 
0.304325312376 
0.294501513243 
0.303116112947 
0.270644962788 
0.282337427139 
0.321548759937 
0.282046407461 
0.302804559469 
0.304407536983 
0.323908925056 
0.288003563881 
0.259589105844 
0.28131210804 
0.283949941397 
0.281920969486 
0.285551279783 
0.305440068245 
0.294332951307 
0.282372802496 
0.280806779861 
0.279791235924 
0.295416414738 
0.309874683619 
0.30275708437 
0.323869228363 
0.28398963809 
0.294757634401 
0.294483542442 
0.293600380421 
0.257385253906 
0.29985126853 
0.294413477182 
0.291250765324 
0.299095511436 
0.296094745398 
0.294026315212 
0.271648645401 
0.286270737648 
0.275155961514 
0.286855071783 
0.273014783859 
0.299680262804 
0.276975154877 
0.308306187391 
0.299648702145 
0.287353426218 
0.280663669109 
0.304496049881 
0.30870038271 
0.27947935462 
0.31067147851 
0.315897166729 
0.300974100828 
0.30603942275 
0.298211365938 
0.3092199862 
0.32028055191 
0.286320000887 
0.301145344973 
0.263795763254 
0.297718435526 
0.276382803917 
0.277421653271 
0.291130423546 
0.292168468237 
0.290649920702 
0.288616329432 
0.284700959921 
0.295775532722 
0.295954614878 
0.282333731651 
0.298463970423 
0.280922412872 
0.318786323071 
0.286961376667 
0.308608323336 
0.281597822905 
0.295741140842 
0.321415483952 
0.262745916843 
0.283653318882 
0.281943768263 
0.278631925583 
0.31232431531 
0.280484884977 
0.268404990435 
0.286127388477 
0.267119169235 
0.324866890907 
0.30879637599 
0.280832618475 
0.284967720509 
0.287377089262 
0.280621647835 
0.290664434433 
0.302820831537 
0.293392658234 
0.263999074697 
0.27322858572 
0.296698093414 
0.25012716651 
0.298056989908 
0.291234225035 
0.294504672289 
0.25588157773 
0.289518594742 
0.290552765131 
0.293060839176 
0.282796502113 
0.270068973303 
0.318969249725 
0.314569711685 
0.288512349129 
0.288868248463 
0.274672091007 
0.310299873352 
0.288932740688 
0.303236871958 
0.294033885002 
0.282910734415 
0.249648883939 
0.283920228481 
0.285551905632 
0.245149567723 
0.306310683489 
0.28272151947 
0.29479777813 
0.281952261925 
0.333548843861 
0.303374409676 
0.270424604416 
0.3036711514 
0.297057509422 
0.283312231302 
0.277786433697 
0.301223009825 
0.281443983316 
0.286063849926 
0.324390411377 
0.28778231144 
0.271094918251 
0.26081392169 
0.282624363899 
0.299333274364 
0.301626652479 
0.271682441235 
0.278191804886 
0.279640316963 
0.247318953276 
0.295776218176 
0.325846612453 
0.288286834955 
0.284999191761 
0.291342228651 
0.27574262023 
0.294926285744 
0.241559371352 
0.269441246986 
0.285902023315 
0.283736109734 
0.272859066725 
0.312540024519 
0.290374040604 
0.286104381084 
0.277640223503 
0.245204865932 
0.284225791693 
0.27098312974 
0.270034432411 
0.27797177434 
0.299323797226 
0.274866104126 
0.299766540527 
0.265578687191 
0.290143996477 
0.278774023056 
0.278204530478 
0.289919376373 
0.292229771614 
0.283841043711 
0.284690767527 
0.303343445063 
0.314878284931 
0.277194678783 
0.289314448833 
0.301661908627 
0.290657490492 
0.269726097584 
0.304309248924 
0.322735309601 
0.304200649261 
0.300300300121 
0.265104353428 
0.249323144555 
0.268770754337 
0.295322269201 
0.296555876732 
0.316389977932 
0.315838515759 
0.309953868389 
0.274966239929 
0.251296192408 
0.264923155308 
0.277257889509 
0.311229109764 
0.273926317692 
0.275335580111 
0.285637885332 
0.273080557585 
0.281666219234 
0.284372597933 
0.298444330692 
0.307108998299 
0.297968566418 
0.308268129826 
0.276673793793 
0.288258671761 
0.270571380854 
0.317770123482 
0.289059281349 
0.267707824707 
0.285470604897 
0.322830528021 
0.282699346542 
0.315649628639 
0.291808128357 
0.282657533884 
0.291111439466 
0.293682605028 
0.278882950544 
0.315765142441 
0.299560129642 
0.303604513407 
0.289496272802 
0.271697580814 
0.298268973827 
0.279946267605 
0.294196844101 
0.298061490059 
0.263524323702 
0.306747853756 
0.303664177656 
0.295331060886 
0.287568449974 
0.299959897995 
0.285235643387 
0.308107793331 
0.285005688667 
0.291296720505 
0.313320338726 
0.28943926096 
0.279487729073 
0.293053805828 
0.270349502563 
0.292986869812 
0.273611783981 
0.274182468653 
0.275457173586 
0.328317165375 
0.290472686291 
0.277066171169 
0.28199326992 
0.276510447264 
0.295405507088 
0.271063566208 
0.278295308352 
0.29511910677 
0.313608914614 
0.259505242109 
0.294099330902 
0.262074559927 
0.287728279829 
0.264968246222 
0.261114388704 
0.305313587189 
0.280652076006 
0.285113304853 
0.302908927202 
0.299289852381 
0.284991919994 
0.302656054497 
0.265402168036 
0.294522643089 
0.27751749754 
0.288539469242 
0.303539335728 
0.333774805069 
0.311390846968 
0.271097511053 
0.265872657299 
0.307531714439 
0.262835234404 
0.258406460285 
0.294848412275 
0.262029707432 
0.270189493895 
0.275887072086 
0.276105493307 
0.283939838409 
0.286400020123 
0.297939985991 
0.289432585239 
0.297503739595 
0.265551388264 
0.278143823147 
0.313026040792 
0.277297824621 
0.2945574224 
0.296873062849 
0.317260831594 
0.281897604465 
0.254658460617 
0.275411337614 
0.276265710592 
0.274489551783 
0.282017230988 
0.301808834076 
0.284554123878 
0.270985782146 
0.273868620396 
0.271287381649 
0.288472831249 
0.302277117968 
0.297148823738 
0.318847924471 
0.278230518103 
0.287092149258 
0.29077526927 
0.288797229528 
0.250301271677 
0.291814506054 
0.287801623344 
0.283225566149 
0.291280329227 
0.289854466915 
0.290768325329 
0.264257490635 
0.280600756407 
0.269494771957 
0.278211206198 
0.265247941017 
0.293558508158 
0.271188020706 
0.302097201347 
0.290425628424 
0.284068763256 
0.273324936628 
0.294162213802 
0.300517529249 
0.272361427546 
0.300776362419 
0.305623173714 
0.298006474972 
0.300354272127 
0.291084766388 
0.302583485842 
0.310920357704 
0.275536060333 
0.296317875385 
0.258305817842 
0.290498882532 
0.272369623184 
0.272089421749 
0.284287840128 
0.286533683538 
0.28624394536 
0.281599909067 
0.277533620596 
0.289653718472 
0.290653795004 
0.278335660696 
0.290651589632 
0.276612639427 
0.310528844595 
0.278143435717 
0.302887648344 
0.274952203035 
0.289550632238 
0.315278291702 
0.257506668568 
0.278573870659 
0.275368571281 
0.273879617453 
0.304253965616 
0.274228483438 
0.261361181736 
0.281758666039 
0.261303305626 
0.316902458668 
0.302561581135 
0.274414598942 
0.278985977173 
0.281819790602 
0.273472130299 
0.280155420303 
0.297161340714 
0.285515606403 
0.25755110383 
0.266592115164 
0.288792461157 
0.24397444725 
0.291295796633 
0.285047352314 
0.287792354822 
0.250981062651 
0.283288359642 
0.285602450371 
0.286098569632 
0.274164378643 
0.263920634985 
0.309978961945 
0.308423429728 
0.27928596735 
0.283029079437 
0.26821988821 
0.299905121326 
0.281875997782 
0.296012639999 
0.288365751505 
0.272438317537 
0.244447544217 
0.277754694223 
0.276331305504 
0.243045791984 
0.298815816641 
0.276076436043 
0.291994601488 
0.274493455887 
0.32759052515 
0.295738816261 
0.264249682426 
0.296859234571 
0.290531337261 
0.278264969587 
0.273683875799 
0.29483371973 
0.276282787323 
0.279993742704 
0.317786812782 
0.280558675528 
0.26461866498 
0.257387846708 
0.277882874012 
0.292862385511 
0.292829334736 
0.264213114977 
0.27319675684 
0.276530951262 
0.243378415704 
0.289534449577 
0.319220215082 
0.278809785843 
0.280033349991 
0.283738672733 
0.269427359104 
0.289402067661 
0.235025972128 
0.266761004925 
0.27975744009 
0.276981472969 
0.263183265924 
0.304046660662 
0.284215271473 
0.282363802195 
0.271592080593 
0.238987639546 
0.274990171194 
0.264106959105 
0.267662853003 
0.270687878132 
0.29344150424 
0.267236173153 
0.294757068157 
0.259391009808 
0.283987879753 
0.272480130196 
0.272897303104 
0.284292817116 
0.286975204945 
0.279536694288 
0.279443264008 
0.29521805048 
0.305728435516 
0.272482872009 
0.283866047859 
0.292478919029 
0.283509463072 
0.263960510492 
0.298939406872 
0.315771669149 
0.298263072968 
0.292880088091 
0.259296536446 
0.245570912957 
0.264170765877 
0.285863816738 
0.290141433477 
0.308006316423 
0.308846265078 
0.30736207962 
0.270060062408 
0.246674373746 
0.25928235054 
0.270976155996 
0.303284525871 
0.269911050797 
0.272180110216 
0.27909129858 
0.266631156206 
0.274947613478 
0.27690294385 
0.293336749077 
0.300878047943 
0.290943443775 
0.301683545113 
0.271978586912 
0.28235912323 
0.264294534922 
0.314417600632 
0.284036576748 
0.261327981949 
0.283328175545 
0.313545525074 
0.275939047337 
0.310864061117 
0.286321282387 
0.276863545179 
0.283624798059 
0.287597835064 
0.27451813221 
0.307520747185 
0.294735908508 
0.297945946455 
0.284623235464 
0.268936961889 
0.292997807264 
0.27520442009 
0.288891673088 
0.292952179909 
0.256633430719 
0.296715945005 
0.296530067921 
0.290669173002 
0.282143473625 
0.29625660181 
0.276551365852 
0.302813798189 
0.278320282698 
0.287275254726 
0.306872457266 
0.284865736961 
0.274072885513 
0.289039641619 
0.263708502054 
0.283514499664 
0.269890129566 
0.266815364361 
0.269438385963 
0.323295146227 
0.284683734179 
0.272752642632 
0.278874397278 
0.272533267736 
0.293863922358 
0.265900015831 
0.275683790445 
0.291768968105 
0.308145850897 
0.257785052061 
0.286963433027 
0.25632879138 
0.281360626221 
0.260379850864 
0.256876915693 
0.301491677761 
0.275339126587 
0.28116029501 
0.296614825726 
0.292298018932 
0.279095262289 
0.293086141348 
0.259298056364 
0.288296014071 
0.271988838911 
0.284806519747 
0.29807010293 
0.326342731714 
0.305223494768 
0.265970051289 
0.260095894337 
0.300960898399 
0.25664588809 
0.254213660955 
0.291662931442 
0.259572029114 
0.264487087727 
0.269650697708 
0.270167768002 
0.280791431665 
0.281200230122 
0.293243736029 
0.284582644701 
0.291400313377 
0.259164214134 
0.272727370262 
0.307565689087 
0.271168231964 
0.289100199938 
0.290225625038 
0.314226955175 
0.279711276293 
0.250687152147 
0.270757675171 
0.270957738161 
0.267211914062 
0.27717423439 
0.293555140495 
0.280443668365 
0.262996584177 
0.267025023699 
0.266574919224 
0.279239207506 
0.296061128378 
0.29057726264 
0.31187671423 
0.27301466465 
0.277025222778 
0.281414836645 
0.28119340539 
0.246400550008 
0.284438222647 
0.281827539206 
0.276887357235 
0.286853969097 
0.28462472558 
0.28370988369 
0.259265720844 
0.274026095867 
0.262936770916 
0.268082112074 
0.259852856398 
0.287220686674 
0.263908743858 
0.295600503683 
0.283165514469 
0.278510242701 
0.267562240362 
0.285263121128 
0.295568197966 
0.268087476492 
0.292667150497 
0.296461492777 
0.293369054794 
0.295905888081 
0.284649372101 
0.29552334547 
0.305595010519 
0.270033955574 
0.287515819073 
0.253993362188 
0.285934388638 
0.267832756042 
0.266863614321 
0.279258102179 
0.280348598957 
0.280022054911 
0.274869531393 
0.270638853312 
0.2869528234 
0.284336745739 
0.274959802628 
0.28289604187 
0.271636545658 
0.305326700211 
0.273178905249 
0.296293586493 
0.272295832634 
0.283338278532 
0.310265898705 
0.252742856741 
0.272166371346 
0.270393133163 
0.271533221006 
0.297415047884 
0.269196689129 
0.26014238596 
0.275928407907 
0.255931019783 
0.308740288019 
0.296198755503 
0.267097741365 
0.273454278708 
0.275015950203 
0.271393120289 
0.273437827826 
0.292799562216 
0.279800415039 
0.252087980509 
0.261829286814 
0.284459918737 
0.236530646682 
0.282673239708 
0.278738051653 
0.283740311861 
0.246703758836 
0.277921378613 
0.281641542912 
0.279488891363 
0.26423573494 
0.257269501686 
0.306163609028 
0.301895141602 
0.2766905725 
0.276697635651 
0.263688981533 
0.295535862446 
0.27797794342 
0.290158808231 
0.283149063587 
0.268239527941 
0.241592556238 
0.275092571974 
0.27161231637 
0.235347718 
0.291570812464 
0.268642038107 
0.286687552929 
0.273434787989 
0.317505151033 
0.290176033974 
0.26025891304 
0.29256850481 
0.283275038004 
0.272335290909 
0.265995979309 
0.289934396744 
0.270018935204 
0.275427103043 
0.310835599899 
0.275462985039 
0.261277854443 
0.24844199419 
0.272807329893 
0.288000524044 
0.284178733826 
0.257310599089 
0.267975658178 
0.269418716431 
0.239536136389 
0.284997433424 
0.314832210541 
0.272924900055 
0.273501873016 
0.283430278301 
0.26424998045 
0.285147309303 
0.230975061655 
0.260987728834 
0.273786276579 
0.270366728306 
0.258648514748 
0.297565102577 
0.277410805225 
0.280433982611 
0.265886008739 
0.234833389521 
0.271605461836 
0.254884958267 
0.262492984533 
0.266369402409 
0.287759870291 
0.25825548172 
0.290680199862 
0.256495922804 
0.276604115963 
0.265820264816 
0.268682032824 
0.277564406395 
0.281447768211 
0.27405795455 
0.276166200638 
0.289448469877 
0.300305426121 
0.268343895674 
0.277677804232 
0.285450339317 
0.279840350151 
0.259284228086 
0.292914867401 
0.308355271816 
0.292058169842 
0.285514563322 
0.256547242403 
0.239679008722 
0.258441895247 
0.2840500772 
0.284260869026 
0.302340835333 
0.300630807877 
0.300158202648 
0.265895605087 
0.239463314414 
0.254203408957 
0.265406996012 
0.297151446342 
0.262900859118 
0.262895315886 
0.275709360838 
0.261890649796 
0.269391775131 
0.27286195755 
0.288530349731 
0.293480664492 
0.285843908787 
0.294999837875 
0.266843885183 
0.275661408901 
0.261161208153 
0.311480760574 
0.281072467566 
0.261083215475 
0.278791993856 
0.309460997581 
0.271227836609 
0.304101616144 
0.282694995403 
0.268846988678 
0.275319904089 
0.279075741768 
0.269345194101 
0.299815565348 
0.287584245205 
0.292696326971 
0.274982690811 
0.266118377447 
0.289116591215 
0.273706078529 
0.283859789371 
0.288800984621 
0.254916280508 
0.293220937252 
0.28995975852 
0.284715414047 
0.276522576809 
0.292958080769 
0.271653324366 
0.297744721174 
0.272400021553 
0.284553200006 
0.301577925682 
0.280690222979 
0.268615484238 
0.283218741417 
0.259668827057 
0.280001789331 
0.265207260847 
0.259790331125 
0.262674510479 
0.314410537481 
0.278540551662 
0.268897980452 
0.274812340736 
0.26718133688 
0.28685849905 
0.261273860931 
0.268854618073 
0.286059468985 
0.299994617701 
0.252855300903 
0.282441616058 
0.251851469278 
0.275731086731 
0.25638794899 
0.254864752293 
0.291275948286 
0.267699807882 
0.27743563056 
0.290398538113 
0.288061857224 
0.273345410824 
0.291245192289 
0.254540711641 
0.285613358021 
0.268151849508 
0.280685067177 
0.294457733631 
0.321587920189 
0.300537467003 
0.260692596436 
0.254558146 
0.296126246452 
0.252491414547 
0.249954968691 
0.285093605518 
0.253646761179 
0.256476819515 
0.264497041702 
0.265575677156 
0.277351915836 
0.277156710625 
0.286472141743 
0.278480559587 
0.284889042377 
0.25382360816 
0.26898381114 
0.300959557295 
0.267841994762 
0.284162938595 
0.287501513958 
0.304933011532 
0.280268073082 
0.248101994395 
0.267399281263 
0.268717288971 
0.265907377005 
0.27281036973 
0.289513975382 
0.276206970215 
0.258897572756 
0.263002365828 
0.261528193951 
0.274911850691 
0.290728062391 
0.287189245224 
0.305163323879 
0.268434405327 
0.271812856197 
0.273016124964 
0.275488078594 
0.242009907961 
0.280863434076 
0.277795612812 
0.272253006697 
0.285146772861 
0.277637511492 
0.277767717838 
0.254844516516 
0.272793620825 
0.256395429373 
0.26394751668 
0.256390303373 
0.280278354883 
0.257609724998 
0.287746995687 
0.277614504099 
0.276013404131 
0.264417052269 
0.283021777868 
0.288957566023 
0.261991739273 
0.284474939108 
0.289116024971 
0.28646889329 
0.288676470518 
0.280926883221 
0.29203543067 
0.299334138632 
0.263842225075 
0.283259689808 
0.250199735165 
0.277121841908 
0.261399120092 
0.262551516294 
0.274175226688 
0.274547487497 
0.278523534536 
0.274026155472 
0.267716914415 
0.282117933035 
0.278184860945 
0.26574999094 
0.278576374054 
0.269165486097 
0.299437195063 
0.268041223288 
0.290098935366 
0.267683416605 
0.278549104929 
0.303908824921 
0.247303873301 
0.266329020262 
0.266653299332 
0.266133785248 
0.292671352625 
0.265933901072 
0.256078392267 
0.271513938904 
0.250879406929 
0.303835093975 
0.293260514736 
0.261396408081 
0.268442869186 
0.269300669432 
0.267115235329 
0.267772316933 
0.287089407444 
0.273206949234 
0.2484344244 
0.256870031357 
0.281678110361 
0.231766596437 
0.279235690832 
0.27588519454 
0.279026836157 
0.241222560406 
0.273362070322 
0.276621311903 
0.274837434292 
0.258516013622 
0.2517978549 
0.298183977604 
0.295688807964 
0.274730920792 
0.27116549015 
0.257120251656 
0.289112567902 
0.271936118603 
0.285811156034 
0.281239628792 
0.264915317297 
0.238815024495 
0.273119688034 
0.267548114061 
0.233732700348 
0.285013616085 
0.263667792082 
0.283510297537 
0.267904996872 
0.309978246689 
0.285094767809 
0.255066275597 
0.287187457085 
0.278498351574 
0.26955473423 
0.260887891054 
0.284160375595 
0.264471322298 
0.272156924009 
0.309902518988 
0.271452993155 
0.258689850569 
0.248654037714 
0.262726306915 
0.285015046597 
0.278862774372 
0.253922402859 
0.263307660818 
0.265052914619 
0.237014144659 
0.281056404114 
0.309049218893 
0.269584208727 
0.269336670637 
0.274828076363 
0.259277164936 
0.282018959522 
0.226578190923 
0.259172737598 
0.271930545568 
0.264706104994 
0.253563165665 
0.294309347868 
0.274950504303 
0.27265393734 
0.260474711657 
0.228674143553 
0.266090929508 
0.252091675997 
0.258926063776 
0.26289743185 
0.282384753227 
0.250273376703 
0.288356751204 
0.253025263548 
0.271627992392 
0.262286663055 
0.263671427965 
0.275711357594 
0.2780841887 
0.269829928875 
0.271218121052 
0.282037347555 
0.294283390045 
0.264245539904 
0.272895783186 
0.279433101416 
0.275580853224 
0.256309300661 
0.287733763456 
0.301963955164 
0.288392394781 
0.28273755312 
0.25063419342 
0.237231299281 
0.252434462309 
0.275796979666 
0.276489287615 
0.294474631548 
0.294649839401 
0.296324849129 
0.260808855295 
0.236387446523 
0.249591305852 
0.263719648123 
0.293012231588 
0.260643005371 
0.257077783346 
0.269097596407 
0.259871065617 
0.264376163483 
0.267933666706 
0.285755842924 
0.290183335543 
0.281362533569 
0.288794696331 
0.260896235704 
0.270856589079 
0.257331758738 
0.303284585476 
0.273107916117 
0.255028665066 
0.276589393616 
0.304307103157 
0.26624801755 
0.298690617085 
0.276066064835 
0.262850642204 
0.272039860487 
0.277003437281 
0.263189285994 
0.295403242111 
0.280819416046 
0.289606601 
0.26584276557 
0.26211732626 
0.28369987011 
0.269371241331 
0.278694212437 
0.282298564911 
0.248586595058 
0.287668585777 
0.285380721092 
0.277865618467 
0.274754405022 
0.287792265415 
0.266617178917 
0.291502594948 
0.271635144949 
0.281165391207 
0.295323044062 
0.277642130852 
0.262833356857 
0.281580865383 
0.253986984491 
0.274782001972 
0.259902238846 
0.253561794758 
0.256873488426 
0.308800280094 
0.275382310152 
0.265067398548 
