2532.54003906 
2900.77880859 
2030.60058594 
2729.75439453 
2156.28930664 
2773.28808594 
2745.3034668 
2781.65942383 
2745.39257812 
2745.58837891 
2781.37133789 
2781.28125 
3.26125717163 
1.98908948898 
1.82911705971 
3.25037550926 
2.75671577454 
1.94693791866 
1.11670207977 
3.27009057999 
1.97098982334 
1.0043296814 
0.999872326851 
0.981215834618 
0.898090183735 
0.906571626663 
0.825766205788 
0.816627800465 
0.819851696491 
0.781604766846 
0.787175834179 
0.786083817482 
0.760288059711 
0.760879516602 
0.720312595367 
0.715986728668 
0.746575653553 
0.727946162224 
0.702719211578 
0.6685090065 
0.682162880898 
0.64685857296 
0.66963660717 
0.681399047375 
0.643893837929 
0.665093541145 
0.617368221283 
0.661303043365 
0.619515419006 
0.615181267262 
0.611415922642 
0.582394182682 
0.568342745304 
0.606231272221 
0.555199384689 
0.545105457306 
0.568757534027 
0.603535294533 
0.593739151955 
0.544097959995 
0.61586856842 
0.570420145988 
0.65268945694 
0.534384727478 
0.52643674612 
0.573883891106 
0.563002228737 
0.542267739773 
0.50052767992 
0.510814130306 
0.521584808826 
0.530433475971 
0.550717830658 
0.520474433899 
0.526908040047 
0.521532654762 
0.573481082916 
0.543098092079 
0.537468194962 
0.504075050354 
0.553468108177 
0.531891644001 
0.514189720154 
0.558148562908 
0.537569761276 
0.526725709438 
0.493165075779 
0.501137375832 
0.563049316406 
0.561937630177 
0.618271768093 
0.48485326767 
0.597241044044 
0.494300723076 
0.513401985168 
0.452494978905 
0.483723521233 
0.544114351273 
0.525425195694 
0.497950345278 
0.44334307313 
0.440144270658 
0.487670302391 
0.518817543983 
0.507956624031 
0.445656776428 
0.509904146194 
0.496317625046 
0.445242226124 
0.410576879978 
0.423594206572 
0.442774474621 
0.4207482934 
0.411713957787 
0.472403228283 
0.480714738369 
0.477117806673 
0.427900761366 
0.477981001139 
0.488009810448 
0.422314703465 
0.469794481993 
0.454033315182 
0.505346596241 
0.433235406876 
0.501990437508 
0.449457198381 
0.422117054462 
0.403430879116 
0.513180315495 
0.405769318342 
0.526282548904 
0.48681896925 
0.441973745823 
0.460485458374 
0.434014856815 
0.425449699163 
0.44339543581 
0.42617982626 
0.393326371908 
0.415109157562 
0.453231930733 
0.488626480103 
0.429107189178 
0.436381399632 
0.480414390564 
0.395244210958 
0.389664709568 
0.392823219299 
0.388971596956 
0.393490731716 
0.400140792131 
0.43084859848 
0.372083485126 
0.484081089497 
0.382187247276 
0.389560461044 
0.379075795412 
0.423052549362 
0.418754518032 
0.476202338934 
0.393260985613 
0.402419239283 
0.455376923084 
0.431244850159 
0.418060541153 
0.363254964352 
0.411786615849 
0.401738882065 
0.446179836988 
0.385676860809 
0.406345307827 
0.367969810963 
0.401329666376 
0.382157146931 
0.433170318604 
0.367510974407 
0.416218072176 
0.382559597492 
0.406614422798 
0.427399456501 
0.382525861263 
0.36204957962 
0.360448300838 
0.3906031847 
0.399292588234 
0.359293222427 
0.411138385534 
0.341636806726 
0.366091430187 
0.369711399078 
0.390860050917 
0.400071769953 
0.363639593124 
0.382654070854 
0.359970718622 
0.345691889524 
0.349637448788 
0.355828493834 
0.404607623816 
0.368519127369 
0.390639364719 
0.404532551765 
0.330138683319 
0.411106228828 
0.383393347263 
0.375992208719 
0.39496076107 
0.341876864433 
0.353125691414 
0.363810628653 
0.360680550337 
0.339837551117 
0.316969692707 
0.347855389118 
0.404469788074 
0.33962777257 
0.347675561905 
0.350298732519 
0.340448558331 
0.329032421112 
0.371480047703 
0.321416318417 
0.323776870966 
0.349657267332 
0.386144250631 
0.354948937893 
0.315927088261 
0.377720534801 
0.354166358709 
0.41337069869 
0.360091507435 
0.361309796572 
0.377697944641 
0.342925012112 
0.313929587603 
0.334989249706 
0.319418013096 
0.328698754311 
0.350636959076 
0.353635251522 
0.308321744204 
0.319016635418 
0.368863731623 
0.348450243473 
0.309537231922 
0.335808336735 
0.346114933491 
0.320855975151 
0.324290335178 
0.360350102186 
0.308856368065 
0.331147581339 
0.31865671277 
0.309931248426 
0.335255801678 
0.353083312511 
0.325250923634 
0.350019872189 
0.325680494308 
0.350592076778 
0.339608490467 
0.325605154037 
0.335594236851 
0.352101206779 
0.292146325111 
0.415809690952 
0.324595630169 
0.320080369711 
0.303469508886 
0.369409233332 
0.33910498023 
0.349493265152 
0.32202282548 
0.3568148911 
0.323857307434 
0.303075194359 
0.299744069576 
0.332152396441 
0.344778448343 
0.296649873257 
0.30294829607 
0.30527818203 
0.358257263899 
0.331718116999 
0.300398856401 
0.316865622997 
0.284113764763 
0.36266130209 
0.296672672033 
0.302434921265 
0.325244694948 
0.317369520664 
0.353366881609 
0.302721947432 
0.303911447525 
0.33749344945 
0.327804297209 
0.284349024296 
0.304457783699 
0.298414707184 
0.305623650551 
0.308016449213 
0.268531262875 
0.269345015287 
0.319269388914 
0.311003684998 
0.301559746265 
0.292863994837 
0.265879154205 
0.293218374252 
0.266954690218 
0.250440388918 
0.26027905941 
0.254356831312 
0.423364073038 
0.264666616917 
0.361014276743 
0.308771550655 
0.324708402157 
0.289166629314 
0.317682802677 
0.319087088108 
0.313239455223 
0.310790449381 
0.357842028141 
0.316917061806 
0.272863030434 
0.317662477493 
0.278534531593 
0.283566087484 
0.29937595129 
0.314349651337 
0.294629991055 
0.273200333118 
0.287292271852 
0.300050705671 
0.315444529057 
0.293357282877 
0.307169377804 
0.283734023571 
0.298050105572 
0.324523031712 
0.288562357426 
0.338892936707 
0.327840149403 
0.304673045874 
0.308491408825 
0.310379266739 
0.321733772755 
0.306585133076 
0.273239552975 
0.263078868389 
0.317526847124 
0.283171087503 
0.26893556118 
0.28024661541 
0.308791041374 
0.317933470011 
0.27782663703 
0.287044346333 
0.321210205555 
0.345083326101 
0.297852486372 
0.269623249769 
0.318097323179 
0.313367187977 
0.295586138964 
0.271404355764 
0.275091379881 
0.308325499296 
0.290502816439 
0.309784799814 
0.312998145819 
0.285253942013 
0.290258824825 
0.307901918888 
0.327674865723 
0.297233045101 
0.286251306534 
0.328831672668 
0.313869953156 
0.296229481697 
0.336818516254 
0.330045223236 
0.306333512068 
0.318989872932 
0.288730025291 
0.307772904634 
0.334545969963 
0.344840198755 
0.297458320856 
0.341178864241 
0.272747278214 
0.291895836592 
0.275003731251 
0.28176394105 
0.333837538958 
0.306418657303 
0.304047703743 
0.272255688906 
0.281242400408 
0.300265192986 
0.310347646475 
0.313878595829 
0.280436336994 
0.320409536362 
0.300683498383 
0.283264994621 
0.273170679808 
0.280774205923 
0.287451207638 
0.276543587446 
0.268973648548 
0.285363316536 
0.317831844091 
0.314884781837 
0.293786853552 
0.311762988567 
0.309830278158 
0.279969871044 
0.277088522911 
0.297633647919 
0.316939979792 
0.286402136087 
0.299381405115 
0.276312470436 
0.275855660439 
0.304478049278 
0.308892011642 
0.267139345407 
0.346221864223 
0.327343225479 
0.276323348284 
0.302977710962 
0.286896437407 
0.267591804266 
0.294856607914 
0.285091817379 
0.277357935905 
0.259077727795 
0.303415566683 
0.300571084023 
0.264560669661 
0.283055335283 
0.321390897036 
0.277478218079 
0.28381717205 
0.281762123108 
0.270535886288 
0.282691597939 
0.284619510174 
0.321416825056 
0.257274895906 
0.34301751852 
0.274891942739 
0.277863025665 
0.275816887617 
0.296944767237 
0.308976531029 
0.334502756596 
0.29779458046 
0.301255166531 
0.307300627232 
0.282096296549 
0.32133936882 
0.26802355051 
0.285892665386 
0.286810100079 
0.301685154438 
0.276916176081 
0.281064778566 
0.251893877983 
0.279567420483 
0.285052359104 
0.298594713211 
0.265687078238 
0.304442942142 
0.282553672791 
0.291412502527 
0.321449935436 
0.281637728214 
0.267871856689 
0.270976066589 
0.28015562892 
0.297104179859 
0.271289438009 
0.283374756575 
0.256221324205 
0.26540479064 
0.283844769001 
0.298662126064 
0.308752864599 
0.285616904497 
0.280882805586 
0.276245653629 
0.265637278557 
0.27297976613 
0.268363416195 
0.315989971161 
0.281973034143 
0.297440499067 
0.324933558702 
0.268308639526 
0.326583325863 
0.307555794716 
0.286404490471 
0.311586409807 
0.275575906038 
0.284906446934 
0.295088797808 
0.288751155138 
0.279324799776 
0.263684570789 
0.284286201 
0.330104231834 
0.280712395906 
0.26344832778 
0.272256463766 
0.274084031582 
0.273894131184 
0.289608210325 
0.253518670797 
0.258832126856 
0.270070791245 
0.301242738962 
0.28350931406 
0.252039372921 
0.297973006964 
0.28296148777 
0.294646084309 
0.288989514112 
0.28841766715 
0.280476748943 
0.270054012537 
0.260354161263 
0.271025955677 
0.256930917501 
0.260879009962 
0.277734458447 
0.287546396255 
0.246272981167 
0.258835375309 
0.287726551294 
0.288614273071 
0.256639391184 
0.282898932695 
0.276226103306 
0.263234198093 
0.264106631279 
0.302837252617 
0.260294377804 
0.285058200359 
0.262175828218 
0.261986792088 
0.269996881485 
0.299624621868 
0.275404751301 
0.290589153767 
0.2839589715 
0.298630833626 
0.2898478508 
0.280893146992 
0.278493314981 
0.299241751432 
0.252153515816 
0.333432465792 
0.278172671795 
0.261768460274 
0.257196605206 
0.319255143404 
0.284326672554 
0.305376648903 
0.274508357048 
0.295575797558 
0.289395987988 
0.264686614275 
0.262823224068 
0.277733027935 
0.287337392569 
0.252774626017 
0.262556940317 
0.259979516268 
0.317625284195 
0.280744612217 
0.259829819202 
0.265114724636 
0.250194013119 
0.302919745445 
0.255250513554 
0.266709595919 
0.283364325762 
0.280276924372 
0.298793911934 
0.266718924046 
0.267565310001 
0.297215789557 
0.296631783247 
0.253036111593 
0.267817169428 
0.260923445225 
0.271922290325 
0.275682985783 
0.241510629654 
0.240911081433 
0.276368111372 
0.267891585827 
0.258595734835 
0.26236140728 
0.237143829465 
0.267699331045 
0.237190693617 
0.221398159862 
0.239072144032 
0.237150982022 
0.36632707715 
0.232496589422 
0.314633190632 
0.261772334576 
0.280202925205 
0.25311589241 
0.271815687418 
0.278052538633 
0.281857788563 
0.270228803158 
0.31819447875 
0.271399378777 
0.241748839617 
0.279026180506 
0.246810570359 
0.253529220819 
0.26878002286 
0.27936026454 
0.255598783493 
0.241198435426 
0.259558856487 
0.262424468994 
0.281417131424 
0.255126267672 
0.275492399931 
0.248951375484 
0.26602178812 
0.287014275789 
0.258263170719 
0.302820235491 
0.293311655521 
0.273097783327 
0.278814226389 
0.27852410078 
0.291694700718 
0.279602736235 
0.248534560204 
0.234847709537 
0.279303401709 
0.253417670727 
0.240021258593 
0.252587527037 
0.271318852901 
0.28665420413 
0.248039677739 
0.265938699245 
0.290685534477 
0.312365710735 
0.265416055918 
0.250651896 
0.286906868219 
0.279176950455 
0.265054643154 
0.24597916007 
0.246397167444 
0.284648448229 
0.266957521439 
0.280458837748 
0.28548797965 
0.259478807449 
0.259591221809 
0.278626412153 
0.285982429981 
0.268308103085 
0.263390809298 
0.288648486137 
0.285534054041 
0.269594281912 
0.308541059494 
0.294811546803 
0.277471899986 
0.288757890463 
0.259872317314 
0.274198710918 
0.301073998213 
0.310342371464 
0.274593234062 
0.299020677805 
0.250873923302 
0.262877047062 
0.249787807465 
0.253871768713 
0.292113214731 
0.280211925507 
0.279309183359 
0.253067106009 
0.256902068853 
0.271979928017 
0.284960776567 
0.284182041883 
0.259929776192 
0.281960785389 
0.267655700445 
0.261137038469 
0.255206823349 
0.260535866022 
0.269832730293 
0.258345842361 
0.248370990157 
0.260898649693 
0.295061022043 
0.289657086134 
0.273292213678 
0.286179482937 
0.286576747894 
0.25930327177 
0.260152369738 
0.279204905033 
0.290774405003 
0.260886788368 
0.274810820818 
0.254609704018 
0.254671573639 
0.285376310349 
0.276622444391 
0.247185260057 
0.308306545019 
0.306310415268 
0.259135335684 
0.27896258235 
0.266947567463 
0.249281659722 
0.271048992872 
0.267635792494 
0.256678372622 
0.242664113641 
0.273754239082 
0.27844491601 
0.240112513304 
0.260702341795 
0.296398699284 
0.262019753456 
0.263717859983 
0.257514178753 
0.25608471036 
0.260211884975 
0.260618299246 
0.29208034277 
0.240672618151 
0.308770209551 
0.257607460022 
0.255829870701 
0.252385556698 
0.273570895195 
0.289200812578 
0.302721172571 
0.277991205454 
0.278748810291 
0.282046854496 
0.259419053793 
0.302074462175 
0.249196529388 
0.258595377207 
0.256299108267 
0.269586294889 
0.255826085806 
0.255719721317 
0.232671871781 
0.254264175892 
0.267882198095 
0.269571602345 
0.249655365944 
0.274214088917 
0.258368343115 
0.270877152681 
0.296537280083 
0.257998228073 
0.24936799705 
0.254094064236 
0.258717477322 
0.267994999886 
0.24692414701 
0.263145565987 
0.23802049458 
0.24832212925 
0.262789338827 
0.275261312723 
0.278174847364 
0.263103842735 
0.255366146564 
0.257456183434 
0.249229103327 
0.255169421434 
0.244279146194 
0.291593939066 
0.260025322437 
0.27525344491 
0.298775076866 
0.252379149199 
0.298703789711 
0.28257355094 
0.257921278477 
0.28691676259 
0.254139959812 
0.267291635275 
0.273620039225 
0.264799773693 
0.257917284966 
0.246464475989 
0.268848896027 
0.309261649847 
0.261324971914 
0.244617417455 
0.251720100641 
0.258103847504 
0.257551193237 
0.269181102514 
0.23855856061 
0.24084803462 
0.257302284241 
0.28068870306 
0.266274333 
0.23268866539 
0.276225566864 
0.26357036829 
0.275686621666 
0.267156124115 
0.271548897028 
0.258832544088 
0.252574145794 
0.248206630349 
0.254147171974 
0.242925554514 
0.243930518627 
0.252612650394 
0.264812976122 
0.231211438775 
0.242757171392 
0.266824662685 
0.270694941282 
0.242802023888 
0.260370790958 
0.256930887699 
0.246366560459 
0.245740368962 
0.277602553368 
0.247048586607 
0.273670583963 
0.247874438763 
0.244810864329 
0.251709163189 
0.279600292444 
0.262783795595 
0.267648041248 
0.268675684929 
0.28049275279 
0.272608458996 
0.264228701591 
0.259544223547 
0.281082898378 
0.240832611918 
0.3012984097 
0.25946354866 
0.246635124087 
0.240942135453 
0.296205401421 
0.262688696384 
0.282466500998 
0.262250989676 
0.276491612196 
0.276512056589 
0.254706770182 
0.249090343714 
0.261153429747 
0.268175125122 
0.237362027168 
0.249804630876 
0.242936760187 
0.299154162407 
0.263005286455 
0.246478110552 
0.250758886337 
0.237994581461 
0.288391321898 
0.242032274604 
0.251973390579 
0.26596647501 
0.263791173697 
0.284000217915 
0.25469955802 
0.250831156969 
0.282772302628 
0.280846178532 
0.242806583643 
0.251018375158 
0.242798134685 
0.256078541279 
0.262142628431 
0.232178866863 
0.227048233151 
0.261794298887 
0.254372298717 
0.243447184563 
0.248104810715 
0.225201532245 
0.257032245398 
0.225428879261 
0.205109611154 
0.231082692742 
0.226548880339 
0.345692098141 
0.220958441496 
0.295512914658 
0.243495851755 
0.264011651278 
0.239855721593 
0.254124104977 
0.262587696314 
0.264075517654 
0.253222167492 
0.3039072752 
0.256155520678 
0.231963723898 
0.26376080513 
0.237079128623 
0.242341727018 
0.255183249712 
0.26338082552 
0.241668045521 
0.230779826641 
0.24644690752 
0.249790042639 
0.264447510242 
0.243359804153 
0.257771700621 
0.235548302531 
0.253422111273 
0.271857112646 
0.246994882822 
0.283033043146 
0.27678668499 
0.26162186265 
0.259770065546 
0.265366584063 
0.277534246445 
0.267619460821 
0.237151280046 
0.223577857018 
0.26548320055 
0.236235156655 
0.226964309812 
0.241019785404 
0.25445613265 
0.273842155933 
0.233664274216 
0.252696305513 
0.281559050083 
0.29506033659 
0.250686705112 
0.235118955374 
0.273369342089 
0.264552146196 
0.253285765648 
0.236333161592 
0.232667401433 
0.2720656991 
0.253230452538 
0.260865777731 
0.27056312561 
0.247084751725 
0.245916426182 
0.262880265713 
0.269187569618 
0.256346523762 
0.253767102957 
0.271832674742 
0.269587635994 
0.256511211395 
0.290299832821 
0.28087118268 
0.26595929265 
0.275737941265 
0.245723828673 
0.257318615913 
0.285035789013 
0.294146537781 
0.256495773792 
0.280347555876 
0.236601561308 
0.251547217369 
0.236502811313 
0.243848562241 
0.271359980106 
0.264719635248 
0.268240332603 
0.241849720478 
0.243233785033 
0.257336318493 
0.26671153307 
0.268767595291 
0.249814778566 
0.263493597507 
0.252976566553 
0.248372554779 
0.246363833547 
0.247704595327 
0.257736563683 
0.249327987432 
0.235032334924 
0.249623060226 
0.284300625324 
0.275587081909 
0.264187514782 
0.275549829006 
0.270819723606 
0.24510063231 
0.250007241964 
0.26491689682 
0.277552008629 
0.246957436204 
0.264351278543 
0.242827162147 
0.245653659105 
0.275389909744 
0.262032449245 
0.237316071987 
0.293086737394 
0.290357470512 
0.252478599548 
0.263979226351 
0.255020052195 
0.240733474493 
0.259809136391 
0.252370417118 
0.246721506119 
0.233007162809 
0.261548876762 
0.264665037394 
0.227850615978 
0.246927395463 
0.285151422024 
0.250862717628 
0.250723451376 
0.24208047986 
0.245949700475 
0.247804790735 
0.248727113008 
0.28082638979 
0.231204688549 
0.292130678892 
0.246770232916 
0.241522163153 
0.240197941661 
0.262845784426 
0.277094662189 
0.283848464489 
0.267346590757 
0.264867961407 
0.270540744066 
0.250999301672 
0.289389908314 
0.23763448 
0.248052299023 
0.240909159184 
0.260679632425 
0.244018867612 
0.245390951633 
0.223489820957 
0.240969479084 
0.257929056883 
0.252589583397 
0.241302505136 
0.262520939112 
0.250553101301 
0.261298567057 
0.291073322296 
0.247472882271 
0.24378862977 
0.246004760265 
0.250905513763 
0.257144749165 
0.238498017192 
0.255611240864 
0.231227889657 
0.242018535733 
0.258438467979 
0.264116317034 
0.268576681614 
0.250876784325 
0.243428915739 
0.254353165627 
0.239820957184 
0.247705459595 
0.233506381512 
0.279111742973 
0.25109988451 
0.266001969576 
0.288816511631 
0.243453294039 
0.289390385151 
0.271709918976 
0.244266286492 
0.276133716106 
0.244420334697 
0.258577376604 
0.260348409414 
0.251252830029 
0.248118191957 
0.237161830068 
0.260248214006 
0.294761955738 
0.253572255373 
0.233731657267 
0.242009356618 
0.251123100519 
0.246227264404 
0.259809821844 
0.231992796063 
0.232013255358 
0.248624265194 
0.270645052195 
0.258261620998 
0.222866535187 
0.26684525609 
0.253760457039 
0.266000747681 
0.255552887917 
0.261083543301 
0.248471230268 
0.245078667998 
0.239914342761 
0.246304184198 
0.233235001564 
0.235513955355 
0.239226460457 
0.255107879639 
0.224662616849 
0.232106417418 
0.254091978073 
0.257974922657 
0.235050752759 
0.246524691582 
0.247697025537 
0.236091405153 
0.236278399825 
0.265229225159 
0.239354819059 
0.262646913528 
0.239925548434 
0.23945094645 
0.243032097816 
0.271344393492 
0.252620279789 
0.258490115404 
0.259697496891 
0.272219955921 
0.262865155935 
0.254751890898 
0.250452280045 
0.272853434086 
0.232897505164 
0.284485906363 
0.250190138817 
0.238724753261 
0.234076842666 
0.279100894928 
0.252718836069 
0.264583945274 
0.248460516334 
0.266574680805 
0.260869204998 
0.244989067316 
0.237697273493 
0.250208079815 
0.25517603755 
0.228132992983 
0.239938735962 
0.233223512769 
0.287796288729 
0.252859443426 
0.239988476038 
0.239951536059 
0.230018764734 
0.272743076086 
0.234522506595 
0.24326248467 
0.257510095835 
0.254424035549 
0.270064294338 
0.246937662363 
0.241578727961 
0.272097408772 
0.269999444485 
0.236593976617 
0.243738681078 
0.233686104417 
0.246997922659 
0.254362285137 
0.226581335068 
0.219380885363 
0.251760572195 
0.24456897378 
0.233359992504 
0.239615127444 
0.219281882048 
0.248290166259 
0.217496544123 
0.199145555496 
0.224782630801 
0.218717932701 
0.331024318933 
0.215977907181 
0.276680856943 
0.233150362968 
0.251155793667 
0.231280565262 
0.245970055461 
0.254290133715 
0.253002971411 
0.24470384419 
0.293167561293 
0.24819688499 
0.22592818737 
0.260183691978 
0.232109218836 
0.238301098347 
0.24985717237 
0.257151812315 
0.235354185104 
0.224237725139 
0.239878207445 
0.242565453053 
0.25281265378 
0.236941725016 
0.248682826757 
0.22911478579 
0.244467005134 
0.262995451689 
0.238326728344 
0.26860255003 
0.270133256912 
0.251680880785 
0.251545131207 
0.256855487823 
0.269532471895 
0.258892089128 
0.232225939631 
0.215377628803 
0.25646057725 
0.226560607553 
0.216710880399 
0.230662077665 
0.244818642735 
0.263979375362 
0.223537996411 
0.244152590632 
0.271723985672 
0.284175723791 
0.242930322886 
0.227922141552 
0.264914691448 
0.257680177689 
0.244916319847 
0.226827427745 
0.22430279851 
0.263345330954 
0.243467360735 
0.25104162097 
0.263590276241 
0.239455774426 
0.237723484635 
0.253577232361 
0.258150219917 
0.247233495116 
0.245894342661 
0.261507242918 
0.258514821529 
0.245463773608 
0.279961049557 
0.269952565432 
0.253991395235 
0.26795732975 
0.237575262785 
0.248986154795 
0.272518366575 
0.282194375992 
0.24116936326 
0.267281830311 
0.224606528878 
0.239406526089 
0.226103618741 
0.236229330301 
0.25820428133 
0.254054516554 
0.260792583227 
0.23424461484 
0.234693601727 
0.24863602221 
0.257036715746 
0.259099155664 
0.242492377758 
0.251125097275 
0.24425342679 
0.24020087719 
0.240562468767 
0.238711178303 
0.249153152108 
0.242006406188 
0.226387605071 
0.239864468575 
0.275655865669 
0.268756270409 
0.256472378969 
0.26863014698 
0.263069391251 
0.237710297108 
0.242356464267 
0.255352020264 
0.267658919096 
0.238885805011 
0.251754373312 
0.233758956194 
0.238616377115 
0.268389165401 
0.251859545708 
0.230703145266 
0.277572870255 
0.279421538115 
0.247514650226 
0.253618210554 
0.249187543988 
0.23397988081 
0.250123351812 
0.244262069464 
0.238799110055 
0.225292906165 
0.251256108284 
0.257031619549 
0.21883058548 
0.238850742579 
0.278627246618 
0.245120361447 
0.242875725031 
0.234215676785 
0.236156284809 
0.238271027803 
0.240204051137 
0.273073583841 
0.225565105677 
0.280947655439 
0.239221528172 
0.231123030186 
0.230328276753 
0.255371332169 
0.269245833158 
0.273082405329 
0.26159799099 
0.259253889322 
0.260960370302 
0.242891162634 
0.280747979879 
0.23226980865 
0.238076239824 
0.232770696282 
0.252337127924 
0.23535348475 
0.237663835287 
0.215229988098 
0.231983229518 
0.245435982943 
0.243928402662 
0.229237064719 
0.25205078721 
0.238878056407 
0.251282483339 
0.279190629721 
0.238981708884 
0.235289052129 
0.237977325916 
0.243744388223 
0.250709325075 
0.228900179267 
0.246543079615 
0.223531737924 
0.238884493709 
0.247270911932 
0.256537824869 
0.258647829294 
0.241593331099 
0.235087960958 
0.248665168881 
0.232779920101 
0.243117466569 
0.227456912398 
0.27150785923 
0.245895653963 
0.258560121059 
0.282550811768 
0.236570715904 
0.281622856855 
0.264550387859 
0.240003794432 
0.26919439435 
0.236788615584 
0.253412693739 
0.251428484917 
0.243616819382 
0.242138117552 
0.228926390409 
0.255697846413 
0.281288206577 
0.245092615485 
0.227871969342 
0.235024258494 
0.245519205928 
0.236287027597 
0.254073649645 
0.22653016448 
0.227063894272 
0.241276651621 
0.261624664068 
0.2526435256 
0.215403243899 
0.259627759457 
0.246670201421 
0.256268382072 
0.248932823539 
0.253723919392 
0.239986822009 
0.239582180977 
0.23463909328 
0.241285383701 
0.227685123682 
0.227101176977 
0.231542482972 
0.248214617372 
0.220221117139 
0.226040303707 
0.248081967235 
0.249774724245 
0.230997696519 
0.239106789231 
0.242371141911 
0.22750878334 
0.230556130409 
0.255862057209 
0.23503318429 
0.25576800108 
0.234199389815 
0.233568131924 
0.236702784896 
0.265588134527 
0.248777106404 
0.249896138906 
0.254936546087 
0.26501122117 
0.256185889244 
0.248794496059 
0.241205841303 
0.267525136471 
0.225628226995 
0.272130846977 
0.242706090212 
0.232988551259 
0.229812934995 
0.269802004099 
0.248019233346 
0.25836238265 
0.240543425083 
0.257825404406 
0.251575052738 
0.240707620978 
0.231670796871 
0.2434091717 
0.246956944466 
0.221604689956 
0.235451862216 
0.225791931152 
0.276946306229 
0.2477222085 
0.232714921236 
0.234436392784 
0.223192155361 
0.264393359423 
0.229348227382 
0.236286461353 
0.251365154982 
0.24937659502 
0.260847210884 
0.240443527699 
0.235210135579 
0.262274950743 
0.263217031956 
0.230988278985 
0.238289311528 
0.227223142982 
0.24214245379 
0.249215617776 
0.22136606276 
0.2141430825 
0.241972029209 
0.240073487163 
0.22556629777 
0.234641268849 
0.212078884244 
0.241262733936 
0.211709856987 
0.193661615252 
0.220634877682 
0.213695555925 
0.317338705063 
0.209571585059 
0.264766842127 
0.225373983383 
3.07723593712 
3.13068604469 
1.88115727901 
2.8420009613 
1.9039131403 
3.11000537872 
2.64304065704 
1.32000052929 
1.41959214211 
3.14854884148 
1.8574334383 
0.950395345688 
1.05425262451 
0.90315413475 
0.84311658144 
0.835046768188 
0.796073257923 
0.796875596046 
0.786260485649 
0.786304533482 
0.773981869221 
0.790174841881 
0.770495653152 
0.779496669769 
0.794758558273 
0.77377474308 
0.771758079529 
0.821371555328 
0.753563165665 
0.7603520751 
0.788396120071 
0.778442800045 
0.790203273296 
0.759965181351 
0.818272471428 
0.820623636246 
0.773739218712 
0.785591721535 
0.814683675766 
0.8260461092 
0.786916851997 
0.780438959599 
0.748603463173 
0.783637285233 
0.725807189941 
0.714870989323 
0.711760997772 
0.762920737267 
0.756675183773 
0.736713111401 
0.803343057632 
0.831532120705 
0.753248929977 
0.772575616837 
0.729564011097 
0.762239515781 
0.772031366825 
0.740984320641 
0.749982595444 
0.759793221951 
0.825703561306 
0.777442336082 
0.773673713207 
0.778571128845 
0.77119487524 
0.794359087944 
0.767623841763 
0.772186994553 
0.745877325535 
0.779194355011 
0.732977926731 
0.753025770187 
0.799254775047 
0.755214214325 
0.762237071991 
0.784453034401 
0.784608244896 
0.745690762997 
0.752811074257 
0.787610292435 
0.789899349213 
0.750337958336 
0.780167400837 
0.733491718769 
0.695188522339 
0.740037322044 
0.769571065903 
0.780331373215 
0.753469347954 
0.789269804955 
0.787340521812 
0.743429720402 
0.753237843513 
0.748262107372 
0.733643054962 
0.77140712738 
0.756718993187 
0.727864146233 
0.739257335663 
0.746318399906 
0.724690914154 
0.767687082291 
0.721306681633 
0.734884619713 
0.7288402915 
0.794450879097 
0.754815816879 
0.732431709766 
0.744366765022 
0.741739988327 
0.713892281055 
0.716620802879 
0.744701683521 
0.722704052925 
0.708638489246 
0.758810639381 
0.714287102222 
0.700922787189 
0.815527141094 
0.789046645164 
0.716392636299 
0.759281992912 
0.724117040634 
0.745976686478 
0.72636115551 
0.706611394882 
0.688620865345 
0.780456066132 
0.752816319466 
0.790619432926 
0.700415849686 
0.759231925011 
0.777568936348 
0.695517659187 
0.733685851097 
0.761112987995 
0.733263969421 
0.710628092289 
0.703037858009 
0.72518324852 
0.718242883682 
0.730770528316 
0.744469642639 
0.707450151443 
0.719475150108 
0.707071244717 
0.726493418217 
0.727320790291 
0.748436629772 
0.709968924522 
0.744812965393 
0.717351198196 
0.701293587685 
0.737894773483 
0.698704004288 
0.751279175282 
0.684208750725 
0.706020236015 
0.69688642025 
0.693248212337 
0.674669981003 
0.67263841629 
0.686448216438 
0.72584849596 
0.696205854416 
0.687843739986 
0.68786072731 
0.702575325966 
0.685756146908 
0.738998651505 
0.713619709015 
0.714410960674 
0.667318940163 
0.698771238327 
0.673076868057 
0.673481106758 
0.71692854166 
0.683401048183 
0.658970415592 
0.689691722393 
0.715652823448 
0.694158554077 
0.660596728325 
0.650504112244 
0.675716340542 
0.722941040993 
0.672903060913 
0.69787633419 
0.71503162384 
0.697487592697 
0.696456432343 
0.653175115585 
0.724769353867 
0.70662009716 
0.739180147648 
0.738162398338 
0.724158287048 
0.694231808186 
0.698460280895 
0.692944407463 
0.699639499187 
0.712419092655 
0.669156730175 
0.685637354851 
0.675639629364 
0.743118345737 
0.680309951305 
0.63539481163 
0.674956560135 
0.682758450508 
0.651224374771 
0.71037209034 
0.644512414932 
0.669519305229 
0.634703099728 
0.681546449661 
0.651393413544 
0.671193957329 
0.678264200687 
0.681535840034 
0.671660125256 
0.67031621933 
0.638098835945 
0.669619083405 
0.718434691429 
0.661659002304 
0.706621527672 
0.662850856781 
0.658267319202 
0.633556246758 
0.679085969925 
0.662376642227 
0.701734602451 
0.673106908798 
0.706156015396 
0.667016148567 
0.650877892971 
0.691621184349 
0.736984014511 
0.814135432243 
0.72965657711 
0.66598790884 
0.752289652824 
0.717172265053 
0.691327214241 
0.686019837856 
0.696572303772 
0.707202315331 
0.688630461693 
0.664672970772 
0.694413900375 
0.676807165146 
0.650943636894 
0.648783385754 
0.688663244247 
0.628459334373 
0.729261338711 
0.780043721199 
0.84881490469 
0.811461567879 
0.815006554127 
0.85876506567 
0.878311157227 
0.802725613117 
0.78839969635 
0.787070214748 
0.755820155144 
0.759213089943 
0.698925316334 
0.720471858978 
0.692162394524 
0.73880982399 
0.794875741005 
0.890466809273 
1.0209133625 
0.940964758396 
0.935777902603 
0.91131913662 
0.939060688019 
0.728814840317 
0.78702801466 
0.749613761902 
0.673932850361 
0.725585997105 
0.669592618942 
0.698166251183 
0.678018331528 
0.714123010635 
0.673311114311 
0.693195343018 
0.680191457272 
0.702362835407 
0.683929443359 
0.63329231739 
0.66131824255 
0.649897694588 
0.699715018272 
0.648477494717 
0.669993162155 
0.622934401035 
0.616157054901 
0.631550312042 
0.62388253212 
0.650553703308 
0.638260126114 
0.698233604431 
0.627268791199 
0.597121238708 
0.64582234621 
0.644739866257 
0.641784012318 
0.654044091702 
0.689100205898 
0.684526324272 
0.623269796371 
0.670007586479 
0.666865229607 
0.615065574646 
0.725493848324 
0.786575138569 
0.756981730461 
0.686878859997 
0.664109587669 
0.662682890892 
0.625735640526 
0.657252907753 
0.645854949951 
0.665852427483 
0.654534935951 
0.831263363361 
0.755143046379 
0.713840246201 
0.737921535969 
0.657885789871 
0.682721912861 
0.684391975403 
0.690925598145 
0.641591966152 
0.639750659466 
0.674639523029 
0.664952099323 
0.635901033878 
0.666533708572 
0.62851113081 
0.616356730461 
0.611058712006 
0.636356472969 
0.647663772106 
0.683341622353 
0.627399802208 
0.660446047783 
0.666027188301 
0.670538067818 
0.630510032177 
0.642993032932 
0.651199162006 
0.646148562431 
0.698356449604 
0.836719512939 
0.783901333809 
0.768770754337 
0.790075540543 
0.755615949631 
0.730603098869 
0.732081711292 
0.725007712841 
0.686945855618 
0.613287746906 
0.659683704376 
0.642679452896 
0.783004939556 
0.700729429722 
0.635821700096 
0.683505296707 
0.685250937939 
0.687667250633 
0.658561050892 
0.67378205061 
0.673002243042 
0.688910603523 
0.652342319489 
0.664682328701 
0.646729826927 
0.620703816414 
0.630230426788 
0.639286339283 
0.663836956024 
0.650770187378 
0.685955762863 
0.664029955864 
0.653571724892 
0.620559692383 
0.679120659828 
0.648916006088 
0.649399399757 
0.661941051483 
0.663487434387 
0.636468887329 
0.645238399506 
0.628358721733 
0.610658228397 
0.657273888588 
0.626821100712 
0.616564869881 
0.633354902267 
0.657937288284 
0.652759373188 
0.636638224125 
0.649805247784 
0.665756821632 
0.734322249889 
0.764430761337 
0.677620708942 
0.702202677727 
0.752596974373 
0.62499666214 
0.7204682827 
0.661448478699 
0.665894567966 
0.688902974129 
0.609543085098 
0.673285603523 
0.635152101517 
0.638601958752 
0.648317098618 
0.633167386055 
0.674405932426 
0.753598332405 
0.687685251236 
0.650581300259 
0.671904206276 
0.687515974045 
0.702724277973 
0.639254629612 
0.652711629868 
0.699230909348 
0.660847783089 
0.625200390816 
0.642493009567 
0.633222460747 
0.60327911377 
0.628744006157 
0.612865865231 
0.617364406586 
0.666029691696 
0.621762633324 
0.584064781666 
0.606244564056 
0.642362713814 
0.628394365311 
0.64276856184 
0.630627214909 
0.614928126335 
0.642830908298 
0.645818114281 
0.657563388348 
0.608335852623 
0.616603255272 
0.622171998024 
0.64484500885 
0.609728336334 
0.662305116653 
0.712006866932 
0.718127608299 
0.699404776096 
0.659677267075 
0.689111888409 
0.661044716835 
0.672094643116 
0.664253175259 
0.677171766758 
0.668752908707 
0.660006284714 
0.60287219286 
0.66680264473 
0.64632999897 
0.610319375992 
0.600318610668 
0.655416369438 
0.694636106491 
0.62019443512 
0.626950263977 
0.634484112263 
0.631531000137 
0.613264143467 
0.615120112896 
0.584030747414 
0.612061619759 
0.666584730148 
0.651367723942 
0.624387025833 
0.65433806181 
0.676223933697 
0.656504452229 
0.600104033947 
0.635332107544 
0.631701529026 
0.647631645203 
0.67604470253 
0.621601700783 
0.606821060181 
0.630045413971 
0.589963495731 
0.620491862297 
0.649869799614 
0.63107663393 
0.624379277229 
0.583767414093 
0.627852022648 
0.62577778101 
0.605013370514 
0.647909760475 
0.600804150105 
0.622326910496 
0.661806702614 
0.623368859291 
0.667982339859 
0.618218302727 
0.64714974165 
0.653579056263 
0.646098136902 
0.625312685966 
0.639521360397 
0.665546298027 
0.608702123165 
0.603105962276 
0.620038151741 
0.575437784195 
0.64851474762 
0.642432749271 
0.589986085892 
0.601003885269 
0.587601304054 
0.617917716503 
0.640637695789 
0.603420734406 
0.624161064625 
0.65975189209 
0.612892091274 
0.628326535225 
0.655861854553 
0.604143381119 
0.584135651588 
0.635223984718 
0.604297697544 
0.597426116467 
0.581012129784 
0.597096443176 
0.613735318184 
0.624708652496 
0.644653081894 
0.633389532566 
0.633612394333 
0.634005725384 
0.622884511948 
0.611600399017 
0.61637198925 
0.614911198616 
0.629088640213 
0.623919725418 
0.695825576782 
0.904135584831 
0.93018257618 
0.951407372952 
0.981020212173 
0.965374290943 
0.950539112091 
0.870851516724 
0.791757822037 
0.888122022152 
0.871039330959 
0.904302716255 
0.815165758133 
0.847602963448 
0.834795236588 
0.804237425327 
0.794773161411 
0.747158288956 
0.796952724457 
0.779204130173 
0.824561536312 
0.744587302208 
0.793407618999 
0.757076144218 
0.784060835838 
0.645646810532 
0.741025686264 
0.74993044138 
0.647564709187 
0.687805712223 
0.646604835987 
0.758535444736 
0.68407791853 
0.694641828537 
0.685756027699 
0.674009084702 
0.678563416004 
0.65031927824 
0.621994137764 
0.620465219021 
0.692801296711 
0.66757273674 
0.616508543491 
0.624979913235 
0.629709124565 
0.706326544285 
0.613027572632 
0.62460309267 
0.595255076885 
0.641461610794 
0.610503017902 
0.649028599262 
0.612943649292 
0.68215739727 
0.641984462738 
0.707588434219 
0.672575414181 
0.667210519314 
0.688078522682 
0.709532856941 
0.671863794327 
0.627820432186 
0.640155732632 
0.662259459496 
0.633947730064 
0.663061857224 
0.708869218826 
0.629186332226 
0.645037949085 
0.651494026184 
0.610822439194 
0.652980089188 
0.63545525074 
0.596281528473 
0.593107402325 
0.675623476505 
0.603442907333 
0.633375108242 
0.639210760593 
0.666852295399 
0.630508005619 
0.585091888905 
0.58634608984 
0.626330971718 
0.626593530178 
0.616282522678 
0.622682332993 
0.597161471844 
0.649049162865 
0.57776427269 
0.603699445724 
0.643450737 
0.655630707741 
0.620066940784 
0.626285731792 
0.627220451832 
0.632537901402 
0.614513516426 
0.620378553867 
0.604432463646 
0.589027702808 
0.600998878479 
0.624680459499 
0.743485450745 
0.791099309921 
0.649208188057 
0.679206728935 
0.664022922516 
0.68413323164 
0.642822265625 
0.601720333099 
0.640504717827 
0.639057517052 
0.657632946968 
0.664409995079 
0.605739831924 
0.664350748062 
0.644776821136 
0.627037167549 
0.645262956619 
0.633249402046 
0.593447685242 
0.656584084034 
0.626355171204 
0.689635694027 
0.674227774143 
0.757291316986 
0.708700537682 
0.636061549187 
0.693876743317 
0.693814277649 
0.634339094162 
0.628133237362 
0.645797014236 
0.641591966152 
0.630028545856 
0.649563312531 
0.630930185318 
0.624267578125 
0.593727827072 
0.609852492809 
0.619330406189 
0.590311825275 
0.581161618233 
0.613712072372 
0.657628178596 
0.630330085754 
0.584039628506 
0.621484994888 
0.624984920025 
0.600164890289 
0.650153279305 
0.629166126251 
0.59530043602 
0.579135239124 
0.597105205059 
0.646955251694 
0.602013528347 
0.570175170898 
0.663404047489 
0.57757794857 
0.644225716591 
0.642217993736 
0.592631518841 
0.611642539501 
0.639451444149 
0.638949275017 
0.649763226509 
0.662632584572 
0.621054053307 
0.596455037594 
0.630065143108 
0.617154240608 
0.64352029562 
0.620775938034 
0.639486193657 
0.587090909481 
0.609137058258 
0.596669971943 
0.637177288532 
0.634915471077 
0.597363650799 
0.607724606991 
0.598713994026 
0.652208209038 
0.59149324894 
0.588602542877 
0.593223452568 
0.56255698204 
0.623651683331 
0.634619832039 
0.634671092033 
0.586541771889 
0.608566939831 
0.608097672462 
0.58662879467 
0.600366950035 
0.664705812931 
0.620653152466 
0.634318590164 
0.643223166466 
0.611045837402 
0.615236938 
0.58779335022 
0.60633200407 
0.611568033695 
0.562253832817 
0.635578989983 
0.594512522221 
0.619335770607 
0.602137207985 
0.593510746956 
0.603658854961 
0.60649740696 
0.566565215588 
0.617775559425 
0.589987695217 
0.571300029755 
0.594336092472 
0.581920742989 
0.62189078331 
0.606453001499 
0.594419717789 
0.633986473083 
0.669207394123 
0.72615647316 
0.664234220982 
0.810628533363 
0.748208880424 
0.77153044939 
0.722606539726 
0.695149838924 
0.673238992691 
0.589724838734 
0.629774153233 
0.614753067493 
0.620751142502 
0.648758649826 
0.647172391415 
0.642005383968 
0.604904174805 
0.632508099079 
0.593644976616 
0.577965438366 
0.602968811989 
0.643009662628 
0.605288922787 
0.586687505245 
0.632190585136 
0.558374524117 
0.590464472771 
0.632224440575 
0.615885674953 
0.579608559608 
0.576016128063 
0.617694616318 
0.637971758842 
0.59755897522 
0.629403650761 
0.58850312233 
0.626912891865 
0.600417137146 
0.588931143284 
0.645630657673 
0.608205020428 
0.615307211876 
0.616617321968 
0.604897677898 
0.581121742725 
0.616963088512 
0.616290271282 
0.57720375061 
0.638166427612 
0.633480787277 
0.603023052216 
0.579436600208 
0.590444743633 
0.617646813393 
0.610097825527 
0.609379649162 
0.66804599762 
0.579871058464 
0.600891709328 
0.624105393887 
0.583150207996 
0.603138148785 
0.580522954464 
0.590449273586 
0.624577760696 
0.562046647072 
0.558174908161 
0.589960575104 
0.577378511429 
0.59911429882 
0.644726157188 
0.563111186028 
0.639865279198 
0.612059891224 
0.598387122154 
0.60312473774 
0.640126466751 
0.568496525288 
0.630444645882 
0.598998785019 
0.605207204819 
0.593611836433 
0.599294424057 
0.597262382507 
0.591189801693 
0.619928240776 
0.602355062962 
0.587685108185 
0.607168793678 
0.727605938911 
0.623825609684 
0.60669618845 
0.629728674889 
0.623081207275 
0.630588710308 
0.617738425732 
0.563021123409 
0.580417871475 
0.583693742752 
0.575964927673 
0.675073981285 
0.628495573997 
0.594187915325 
0.645432114601 
0.613355755806 
0.565320372581 
0.59992569685 
0.595475792885 
0.574366688728 
0.57093834877 
0.625052034855 
0.5986135602 
0.581514656544 
0.560552716255 
0.689066648483 
0.647518694401 
0.635973870754 
0.560918867588 
0.596670091152 
0.561812102795 
0.574689745903 
0.671458721161 
0.57675588131 
0.611101150513 
0.667855978012 
3.0599424839 
1.78840994835 
1.01345944405 
0.95052331686 
0.912038803101 
0.877675414085 
0.862850129604 
0.763723909855 
0.791493177414 
0.804453730583 
0.802872061729 
0.796207904816 
0.81987196207 
0.80263197422 
0.854614675045 
0.756928145885 
0.74791097641 
0.774275124073 
0.77015042305 
0.766021609306 
0.785523056984 
0.770005762577 
0.808945655823 
0.798165082932 
0.806434333324 
0.830922245979 
0.79193508625 
0.802825689316 
0.745454788208 
0.787280082703 
0.828653514385 
0.816331148148 
0.766060054302 
0.723528802395 
0.745242416859 
0.758710443974 
0.747752964497 
0.769275248051 
0.745870411396 
0.782676160336 
0.741095244884 
0.793336927891 
0.852847337723 
0.782152831554 
0.754287242889 
0.743478953838 
0.754788339138 
0.763513922691 
0.759539008141 
0.757941901684 
0.731782197952 
0.77963411808 
0.759946167469 
0.79806470871 
0.762732326984 
0.813596606255 
0.769541621208 
0.781331777573 
0.750517070293 
0.794734418392 
0.780155837536 
0.730464756489 
0.775129437447 
0.763181447983 
0.801333248615 
0.76198464632 
0.76801353693 
0.796822190285 
0.749727249146 
0.791846513748 
0.814182519913 
0.755597472191 
0.768532693386 
0.771047353745 
0.714001297951 
0.72377538681 
0.707585155964 
0.749117314816 
0.738971948624 
0.758953809738 
0.757167696953 
0.781573951244 
0.751692533493 
0.726593852043 
0.76221370697 
0.774010956287 
0.746968269348 
0.733818113804 
0.756295800209 
0.728201210499 
0.714567124844 
0.723860800266 
0.784347295761 
0.719332575798 
0.728361487389 
0.752897441387 
0.745895504951 
0.76824760437 
0.744109511375 
0.745580434799 
0.727477073669 
0.724865555763 
0.736220955849 
0.753670692444 
0.750713467598 
0.69299197197 
0.732607781887 
0.757798075676 
0.736841738224 
0.762373447418 
0.721547663212 
0.737871348858 
0.792771399021 
0.8208116889 
0.714364290237 
0.729902267456 
0.73642796278 
0.723840355873 
0.760217249393 
0.715494394302 
0.742636680603 
0.70666629076 
0.732481300831 
0.765759468079 
0.768201291561 
0.72792506218 
0.769610762596 
0.701494336128 
0.716495096684 
0.718181669712 
0.661204099655 
0.655301749706 
0.694298088551 
0.683997511864 
0.674124062061 
0.733310461044 
0.704323530197 
0.711669445038 
0.67033213377 
0.758046448231 
0.719636619091 
0.728093981743 
0.737555027008 
0.670678138733 
0.818778574467 
0.757512569427 
0.72823959589 
0.724459707737 
0.70892649889 
0.722532391548 
0.847004354 
0.890490412712 
0.92943251133 
0.778687477112 
0.769991517067 
0.798645198345 
0.782079100609 
0.77460360527 
0.694396615028 
0.720840811729 
0.73659324646 
0.719695389271 
0.712821424007 
0.689272761345 
0.72830593586 
0.69547522068 
0.700222611427 
0.669773280621 
0.72425866127 
0.672271668911 
0.706834435463 
0.69063693285 
0.697734832764 
0.671011567116 
0.667684197426 
0.712497651577 
0.705535471439 
0.672145605087 
0.700433850288 
0.694738984108 
0.689094126225 
0.693504452705 
0.68262308836 
0.68968051672 
0.68387556076 
0.715029716492 
0.789524674416 
0.66583096981 
0.721500515938 
0.702979803085 
0.668113946915 
0.666893422604 
0.693393170834 
0.663437962532 
0.660494148731 
0.668161988258 
0.701159894466 
0.684434771538 
0.672626852989 
0.693458139896 
0.675208747387 
0.651630938053 
0.704917430878 
0.665372610092 
0.653813362122 
0.662728905678 
0.695680916309 
0.667088389397 
0.670237660408 
0.693985283375 
0.666104376316 
0.710181772709 
0.708812654018 
0.65032607317 
0.684958398342 
0.739052414894 
0.670514941216 
0.684850513935 
0.613739967346 
0.65366345644 
0.706987917423 
0.692068934441 
0.630174279213 
0.645640611649 
0.651634216309 
0.642787516117 
0.660157382488 
0.663111686707 
0.699575483799 
0.653082787991 
0.677130281925 
0.662841498852 
0.648022174835 
0.681954026222 
0.667732298374 
0.67039680481 
0.683089077473 
0.672467112541 
0.66740489006 
0.670368492603 
0.66712898016 
0.703568458557 
0.672981739044 
0.666432797909 
0.652447938919 
0.678799390793 
0.642672777176 
0.688449680805 
0.666330933571 
0.636176943779 
0.642667233944 
0.694983899593 
0.694340825081 
0.691461205482 
0.674418568611 
0.697144925594 
0.699148237705 
0.654456198215 
0.707639336586 
0.666875123978 
0.834423661232 
0.940742850304 
0.962915182114 
1.01077854633 
0.972235918045 
0.911754727364 
0.976002931595 
0.895408034325 
0.807000517845 
0.904349088669 
0.815850257874 
0.790330886841 
0.769762814045 
0.696694552898 
0.810613274574 
0.772072911263 
0.679780364037 
0.765289187431 
0.700473666191 
0.803179442883 
0.818583846092 
0.715125381947 
0.747137188911 
0.814608454704 
0.642711758614 
0.691870868206 
0.644122064114 
0.672426462173 
0.678965806961 
0.672559916973 
0.601254463196 
0.655187785625 
0.685876488686 
0.800229430199 
0.836338937283 
0.750947117805 
0.721104562283 
0.740996360779 
0.690921902657 
0.695346713066 
0.704610228539 
0.63525801897 
0.668605327606 
0.659672498703 
0.668336629868 
0.650983273983 
0.701086223125 
0.667619645596 
0.672627866268 
0.638236403465 
0.642958879471 
0.618774175644 
0.688352823257 
0.64538371563 
0.798160195351 
0.683675587177 
0.696775913239 
0.750061988831 
0.664327800274 
0.647837340832 
0.680478155613 
0.678295850754 
0.661714494228 
0.692144274712 
0.643058538437 
0.676800251007 
0.703390955925 
0.706023693085 
0.634693384171 
0.689673423767 
0.680916726589 
0.680386185646 
0.65026974678 
0.775318026543 
0.842722177505 
0.810949265957 
0.746559917927 
0.647881686687 
0.717499196529 
0.696947038174 
0.693128108978 
0.677186846733 
0.620344817638 
0.70737195015 
0.603157699108 
0.662939548492 
0.82347714901 
0.778224825859 
0.6302344203 
0.714798390865 
0.686820030212 
0.7027810812 
0.622304320335 
0.67980659008 
0.664009988308 
0.656872093678 
0.696055173874 
0.71459376812 
0.644809544086 
0.673732817173 
0.659123241901 
0.740109443665 
0.678629338741 
0.64032304287 
0.677973091602 
0.678089916706 
0.656566023827 
0.682079911232 
0.627031266689 
0.664136588573 
0.695490002632 
0.655723631382 
0.666350066662 
0.704762518406 
0.620949149132 
0.628609001637 
0.617652237415 
0.644729614258 
0.658764004707 
0.654700040817 
0.635702431202 
0.662233948708 
0.644697546959 
0.634962499142 
0.637779593468 
0.628852367401 
0.633080899715 
0.661265790462 
0.653167009354 
0.637253284454 
0.641458690166 
0.660754561424 
0.647420883179 
0.622268915176 
0.646700024605 
0.662260055542 
0.764618754387 
0.679015934467 
0.636409521103 
0.701658844948 
0.695020079613 
0.62518465519 
0.66803830862 
0.641226649284 
0.684946775436 
0.681302070618 
0.676352262497 
0.671831727028 
0.62645727396 
0.650867044926 
0.666847646236 
0.629875540733 
0.725300550461 
0.668716073036 
0.648315131664 
0.68993461132 
0.629483401775 
0.607932567596 
0.66903012991 
0.632130861282 
0.640416741371 
0.657170057297 
0.66351544857 
0.654542922974 
0.607193350792 
0.629136443138 
0.671912372112 
0.663614273071 
0.599912643433 
0.644604444504 
0.603543102741 
0.654142022133 
0.618295311928 
0.71619784832 
0.615887999535 
0.697460114956 
0.674231648445 
0.642037510872 
0.642157793045 
0.642191171646 
0.666285634041 
0.63835144043 
0.593374848366 
0.641658365726 
0.630519330502 
0.62720489502 
0.624043047428 
0.613610982895 
0.724931359291 
0.786418616772 
0.757696270943 
0.670177221298 
0.68176394701 
0.727691531181 
0.634952425957 
0.644359230995 
0.669341146946 
0.639902412891 
0.655769109726 
0.660781562328 
0.662353396416 
0.643843054771 
0.676609098911 
0.649693608284 
0.685160040855 
0.631994485855 
0.654867470264 
0.67304456234 
0.613416314125 
0.693634986877 
0.655402898788 
0.658619761467 
0.658223807812 
0.664230406284 
0.609987974167 
0.66298854351 
0.619850754738 
0.604352593422 
0.616581082344 
0.604618310928 
0.645465493202 
0.612636625767 
0.673007845879 
0.886562943459 
0.870250940323 
0.907413005829 
0.78019285202 
0.724101603031 
0.765975177288 
0.741856336594 
0.779231548309 
0.722358047962 
0.684767186642 
0.660912156105 
0.644159257412 
0.627043485641 
0.660960435867 
0.616818070412 
0.639361202717 
0.644915223122 
0.619010686874 
0.648774921894 
0.694687008858 
0.683204829693 
0.850014865398 
0.887620925903 
0.895878493786 
0.836973369122 
0.654189050198 
0.65856051445 
0.757908701897 
0.769237995148 
0.693815886974 
0.663649976254 
0.619884431362 
0.652309477329 
0.667019724846 
0.650132894516 
0.631004452705 
0.658429741859 
0.626026391983 
0.600565850735 
0.609307289124 
0.647045254707 
0.601581394672 
0.635352611542 
0.618672311306 
0.578089952469 
0.617595553398 
0.647719681263 
0.605568647385 
0.657357811928 
0.610557615757 
0.630051076412 
0.638856291771 
0.600995540619 
0.598488390446 
0.617566168308 
0.623906195164 
0.621126890182 
0.637508392334 
0.610123753548 
0.618527472019 
0.603944480419 
0.616074204445 
0.633707284927 
0.574762582779 
0.657545804977 
0.671203196049 
0.623641371727 
0.660628199577 
0.627836227417 
0.629632413387 
0.605581521988 
0.645457148552 
0.635011792183 
0.633545219898 
0.653588116169 
0.611404061317 
0.628062069416 
0.649670183659 
0.6154255867 
0.627748250961 
0.609477043152 
0.606140494347 
0.610091328621 
0.613692879677 
0.632692039013 
0.57733052969 
0.612589836121 
0.619043707848 
0.603177309036 
0.587385892868 
0.615252971649 
0.684361815453 
0.605340719223 
0.622760176659 
0.636029601097 
0.643756508827 
0.583880722523 
0.600978374481 
0.611902296543 
0.611228883266 
0.612408638 
0.583049893379 
0.6046448946 
0.616607427597 
0.591882884502 
0.664709925652 
0.619441270828 
0.592906713486 
0.593046307564 
0.586371660233 
0.588359177113 
0.587902843952 
0.600425362587 
0.688989520073 
0.596741318703 
0.629920721054 
0.63848990202 
0.620134890079 
0.607511401176 
0.605443060398 
0.615653336048 
0.594914972782 
0.602694451809 
0.632158041 
0.629195332527 
0.585100889206 
0.609346866608 
0.608525872231 
0.597388148308 
0.626058459282 
0.62691950798 
0.65222120285 
0.67411917448 
0.737441539764 
0.679928302765 
0.664636313915 
0.652034044266 
0.679130733013 
0.625750482082 
0.630773365498 
0.633539438248 
0.591088831425 
0.624956667423 
0.651378452778 
0.607331395149 
0.625287055969 
0.614090800285 
0.599900126457 
0.602179348469 
0.566512942314 
0.588629722595 
0.584968268871 
0.606055140495 
0.607885837555 
0.595217347145 
0.559455633163 
0.609353303909 
0.587415099144 
0.622850894928 
0.587961435318 
0.610425651073 
0.583762943745 
0.599907040596 
0.648688793182 
0.624537467957 
0.576605439186 
0.572399377823 
0.587391614914 
0.587103128433 
0.59025323391 
0.587202608585 
0.630523681641 
0.601007223129 
0.614203512669 
0.592022836208 
0.616540908813 
0.599187016487 
0.609474897385 
0.608730792999 
0.624813914299 
0.584617316723 
0.623032331467 
0.582831144333 
0.601851403713 
0.620105564594 
0.59686011076 
0.623159348965 
0.649302124977 
0.599642038345 
0.592610478401 
0.628008842468 
0.567675292492 
0.578411221504 
0.598005115986 
0.584206879139 
0.643385589123 
0.568323910236 
0.593859255314 
0.596357941628 
0.583640635014 
0.600055038929 
0.647599339485 
0.608957648277 
0.596039354801 
0.63481849432 
0.627074241638 
0.594556570053 
0.609638512135 
0.569793462753 
0.631636679173 
0.573409497738 
0.589879870415 
0.59035474062 
0.604370057583 
0.621094703674 
0.632148981094 
0.637976169586 
0.592433750629 
0.626349508762 
0.602738678455 
0.605949401855 
0.65489178896 
0.590311646461 
0.606270432472 
0.58004206419 
0.579274296761 
0.582003712654 
0.613049387932 
0.6107416749 
0.602320671082 
0.636675000191 
0.600238800049 
0.625356554985 
0.61865478754 
0.641958117485 
0.665928721428 
0.578087568283 
0.676698565483 
0.597127556801 
0.62643969059 
0.595730423927 
0.625444531441 
0.616056442261 
0.644804954529 
0.582278966904 
0.592155992985 
0.601406335831 
0.584988832474 
0.563934803009 
0.582949340343 
0.593480825424 
0.582627773285 
0.644577622414 
0.594244062901 
0.562569737434 
0.601616978645 
0.593111872673 
0.593116521835 
0.611865758896 
0.59191608429 
0.626713633537 
0.633363723755 
0.641423344612 
0.593446671963 
0.569699347019 
0.57329082489 
0.609616816044 
0.621011018753 
0.579344749451 
0.61115026474 
0.590445816517 
0.590677976608 
0.574264705181 
0.570164561272 
0.545161008835 
0.624980688095 
0.610503077507 
0.61526286602 
0.611499667168 
0.652375936508 
0.612697601318 
0.602500677109 
0.553084611893 
0.590524196625 
0.625266909599 
0.594396293163 
0.606803715229 
0.577737629414 
0.599415779114 
0.592591166496 
0.606382727623 
0.549177408218 
0.576382815838 
0.595236539841 
0.574409544468 
0.547997713089 
0.595438599586 
0.592837572098 
0.633540391922 
0.579668700695 
0.601612150669 
0.613601148129 
0.589655637741 
0.573922276497 
0.632987976074 
0.576324939728 
0.574635446072 
0.606625080109 
0.596162199974 
0.563563227654 
0.586998343468 
0.53882920742 
0.574440181255 
0.635512173176 
0.585482060909 
0.608826935291 
0.611883044243 
0.575329601765 
0.610595107079 
0.647212505341 
0.577172994614 
0.52900403738 
0.604007720947 
0.624449849129 
0.58803486824 
0.606585025787 
0.584021449089 
0.614897727966 
0.62632381916 
0.60040563345 
0.641253292561 
0.70198982954 
0.630588710308 
0.613872945309 
0.617790102959 
0.5853292346 
0.573815405369 
0.605844199657 
0.60406678915 
0.611246585846 
0.578896462917 
0.581182837486 
0.60235440731 
0.643093466759 
0.615261733532 
0.644820213318 
0.585401237011 
0.644100368023 
0.636668264866 
0.623328208923 
0.625733792782 
0.608933508396 
0.625143527985 
0.569717764854 
0.606219053268 
0.604906737804 
0.582335114479 
0.614176869392 
0.658551514149 
0.573666512966 
0.607962608337 
0.632405281067 
0.591447234154 
0.573783993721 
0.664612829685 
0.643483161926 
0.61392390728 
0.571996986866 
0.642238020897 
0.612923383713 
0.617374539375 
0.613877594471 
0.627453565598 
0.580190658569 
0.575692296028 
0.603975296021 
0.630894422531 
0.653922200203 
0.639481902122 
0.598637521267 
0.611996650696 
0.609584987164 
0.677350640297 
0.7134090662 
0.67226600647 
0.659533023834 
0.712562441826 
0.596115231514 
0.595369696617 
0.634584248066 
0.615006625652 
0.637243926525 
0.6476790905 
0.613935947418 
0.61348181963 
0.59294128418 
0.547337174416 
0.572917640209 
0.582056045532 
0.608670175076 
0.576105177402 
0.542428910732 
0.573712468147 
0.590643465519 
0.587801098824 
0.591359496117 
0.587476968765 
0.651187300682 
0.587542295456 
0.560636878014 
0.565487980843 
0.522432029247 
0.626596212387 
0.645018935204 
0.566659450531 
0.641941070557 
0.627786159515 
0.645295619965 
0.621158361435 
0.696101903915 
0.62403023243 
0.598778307438 
0.575586974621 
0.60996735096 
0.576063990593 
0.568250834942 
0.597518444061 
0.587000310421 
0.569095253944 
0.597148537636 
0.565712213516 
0.58980178833 
0.553594112396 
0.597709774971 
0.643180429935 
0.621844410896 
0.578535437584 
0.575124740601 
0.605429172516 
0.577544331551 
0.584547579288 
0.611545801163 
0.60945981741 
0.623969197273 
0.54175978899 
0.587416768074 
0.571900308132 
0.60288387537 
0.610419750214 
0.578859567642 
0.585256814957 
0.604308485985 
0.60810649395 
0.552750229836 
0.573880195618 
0.584894120693 
0.603939771652 
0.572951197624 
0.583634614944 
0.571916639805 
0.624167561531 
0.573146283627 
0.552940070629 
0.589710354805 
0.579827785492 
0.579256296158 
0.570213198662 
0.611953496933 
0.600820541382 
0.553616881371 
0.607894420624 
0.607090115547 
0.592354118824 
0.572004437447 
0.682018041611 
0.736337184906 
0.722166836262 
0.680771350861 
0.673157691956 
0.651447415352 
0.653588652611 
0.616733729839 
0.603442013264 
0.602276921272 
0.567831277847 
0.587058663368 
0.595267772675 
0.585359811783 
0.617069303989 
0.540911912918 
0.635977864265 
0.548303425312 
0.532481849194 
0.579033970833 
0.605956792831 
0.606535673141 
0.576947748661 
0.593132019043 
0.579671323299 
0.562151134014 
0.585977852345 
0.590098619461 
0.614962995052 
0.609590053558 
0.626366138458 
0.567321300507 
0.55215793848 
0.599309802055 
0.563560962677 
0.606313586235 
0.57805877924 
0.633228421211 
0.584889471531 
0.591834068298 
0.603379070759 
0.6579002738 
0.668967008591 
0.642068266869 
0.573643386364 
0.59534740448 
0.577579915524 
0.602890789509 
0.600717246532 
0.633886992931 
0.581323385239 
0.582851231098 
0.587488532066 
0.606390476227 
0.583802819252 
0.62101483345 
0.618416190147 
0.663844227791 
0.673437356949 
0.647430539131 
0.563213348389 
0.609143316746 
0.603811919689 
0.585465371609 
0.607799768448 
0.589593529701 
0.575738430023 
0.607953667641 
0.547659277916 
0.642053604126 
0.54917961359 
0.579612731934 
0.589824855328 
0.598577141762 
0.572890639305 
0.595194637775 
0.580949306488 
0.583211064339 
0.636422872543 
0.585164546967 
0.582570791245 
0.56148570776 
0.599338412285 
0.587340652943 
0.612172007561 
0.599305272102 
0.600957036018 
0.625754117966 
0.579032719135 
0.584587335587 
0.549116969109 
0.585368275642 
0.54786914587 
0.578711628914 
0.577934145927 
0.612538933754 
0.607061028481 
0.566262423992 
0.608272910118 
0.583944320679 
0.571774959564 
0.588081002235 
0.685383915901 
0.735065102577 
0.762225389481 
0.695621967316 
0.706504046917 
0.663423776627 
0.575450539589 
0.586123049259 
0.603712797165 
0.626032829285 
0.679572820663 
0.585335433483 
0.599404573441 
0.584296166897 
0.603347539902 
0.554382741451 
0.591964006424 
0.58260923624 
0.559293925762 
0.592742800713 
0.633950769901 
0.560611248016 
0.587934017181 
0.613339185715 
0.602904617786 
0.545466244221 
0.590033113956 
0.591817200184 
0.593809485435 
0.598918378353 
0.557910621166 
0.600956737995 
0.611921191216 
0.572584807873 
0.622534573078 
0.577478468418 
0.59009796381 
0.597334265709 
0.603075385094 
0.596940338612 
0.604278743267 
0.606379151344 
0.550447404385 
0.619097292423 
0.586738467216 
0.554620683193 
0.58423691988 
0.64002519846 
0.555932641029 
0.537711560726 
0.596338629723 
0.573871135712 
0.561008989811 
0.543942809105 
0.581720352173 
0.592135071754 
0.575422346592 
0.596940636635 
0.584047734737 
0.611952424049 
0.574924588203 
0.592540860176 
0.563598632812 
0.563235282898 
0.557266592979 
0.555832624435 
0.60531181097 
0.567313909531 
0.607280731201 
0.57934242487 
0.662926912308 
0.584771156311 
0.629892349243 
0.616673231125 
0.626591980457 
0.585773646832 
0.56936275959 
0.574109911919 
0.589055597782 
0.563109815121 
0.538242101669 
0.604166984558 
0.559708058834 
0.595594882965 
0.590197086334 
0.557197332382 
0.576482117176 
0.569147229195 
0.570237576962 
0.572014808655 
0.545680642128 
0.524618983269 
0.586229562759 
0.567624807358 
0.574059605598 
0.602224826813 
0.553020477295 
0.550540983677 
0.590435385704 
0.559096813202 
0.536805033684 
0.589803099632 
0.559893250465 
0.550944983959 
0.585395336151 
0.609158277512 
0.55771458149 
0.580395340919 
0.570748269558 
0.5369810462 
0.610343456268 
0.567954659462 
0.55729675293 
0.601336717606 
0.545979976654 
0.583638072014 
0.595802307129 
0.55199187994 
0.562396883965 
0.621379196644 
0.56553196907 
0.594160616398 
0.591848134995 
0.548545062542 
0.559385716915 
0.533400475979 
0.525343298912 
0.540704071522 
0.591201424599 
0.553278207779 
0.537600934505 
0.566356301308 
0.545732200146 
0.572766542435 
0.54521894455 
0.58065456152 
0.535423278809 
0.605261743069 
0.523045420647 
0.569508194923 
0.582646906376 
0.56054353714 
0.595235705376 
0.547038912773 
0.590477108955 
0.560706734657 
0.557082891464 
0.608827233315 
0.580705046654 
0.563635587692 
0.599048435688 
0.534755349159 
0.509029567242 
0.597171783447 
0.53532654047 
0.563060998917 
0.535885989666 
0.558202326298 
0.56233227253 
0.551662504673 
0.561695337296 
0.602767705917 
0.584087431431 
0.573362350464 
0.553653478622 
0.594403028488 
0.581890106201 
0.626913309097 
0.550683021545 
0.584690153599 
0.579524457455 
0.58934867382 
0.567197084427 
0.51795232296 
0.554551482201 
0.60104072094 
0.583777308464 
0.57771217823 
0.55980437994 
0.571251630783 
0.600715637207 
0.52845954895 
0.571248292923 
0.594255328178 
0.60275554657 
0.580656528473 
0.563736975193 
0.545685827732 
0.581286489964 
0.570761084557 
0.537268340588 
0.556084156036 
0.564661860466 
0.606829941273 
0.576020598412 
0.580857515335 
0.564169883728 
0.547762393951 
0.585093617439 
0.578910589218 
0.584056437016 
0.564126968384 
0.55372440815 
0.587013959885 
0.552312850952 
0.602197945118 
0.559489250183 
0.563740313053 
0.567681908607 
0.606348991394 
0.614669799805 
0.598386764526 
0.581172585487 
0.568397283554 
0.573347449303 
0.569010019302 
0.584711909294 
0.557970941067 
0.577714443207 
0.57847905159 
0.567414820194 
0.597747325897 
0.578713178635 
0.593182861805 
0.557073533535 
0.573992311954 
0.570125699043 
0.551463901997 
0.603185892105 
0.563296079636 
0.557094693184 
0.537706255913 
0.572323203087 
0.57526999712 
0.571064114571 
0.562661528587 
0.580516576767 
0.588588833809 
0.571647703648 
0.664573729038 
0.595431149006 
0.539219856262 
0.601402044296 
0.573406338692 
0.559406936169 
0.592615664005 
0.579146981239 
0.605238556862 
0.557429909706 
0.531015336514 
0.598111510277 
0.5478079319 
0.572712004185 
0.604456722736 
0.566037118435 
0.557601988316 
0.557626605034 
0.544104635715 
0.544177591801 
0.569046258926 
0.568054199219 
0.581128776073 
0.583394885063 
0.563591778278 
0.597241938114 
0.581091821194 
0.528325438499 
0.5669465065 
0.561607420444 
0.541746914387 
0.572800219059 
0.577981889248 
0.589455783367 
0.543089270592 
0.579568266869 
0.554699003696 
0.585277080536 
0.588321685791 
0.563396811485 
0.562508761883 
0.55245244503 
0.573302268982 
0.595455288887 
0.568010628223 
0.583796799183 
0.577232956886 
0.60448884964 
0.563614428043 
0.58832859993 
0.564908742905 
0.555289149284 
0.56523501873 
0.532608687878 
0.551879584789 
0.572373449802 
0.544263601303 
0.553119957447 
0.539588809013 
0.531150639057 
0.563315153122 
0.555123746395 
0.558264017105 
0.58132481575 
0.538977622986 
0.587514162064 
0.590449690819 
0.575212836266 
0.568467497826 
0.576183497906 
0.570123493671 
0.55404227972 
0.547380983829 
0.56356960535 
0.561707437038 
0.554712593555 
0.567733883858 
0.5755469203 
0.548658132553 
0.552418529987 
0.560093998909 
0.540365457535 
0.549620449543 
0.593574821949 
0.556111872196 
0.572441935539 
0.568137407303 
0.592118620872 
0.575930833817 
0.550804078579 
0.572391867638 
0.601240992546 
0.555963158607 
0.593410611153 
0.538649857044 
0.56866645813 
0.563042879105 
0.593878865242 
0.573355853558 
0.568804383278 
0.577058076859 
0.570598483086 
0.540936410427 
0.568073868752 
0.584676146507 
0.568220555782 
0.569493889809 
0.577595770359 
0.549848794937 
0.580913960934 
0.551838040352 
0.555682778358 
0.576393067837 
0.598587214947 
0.553695619106 
0.544925808907 
0.547941684723 
0.558368563652 
0.583602130413 
0.573491036892 
0.610304892063 
0.582988321781 
0.545058727264 
0.560070037842 
0.567553579807 
0.569948911667 
0.552175223827 
0.585145294666 
0.575240492821 
0.556579768658 
0.575539112091 
0.55332159996 
0.587944984436 
0.618683457375 
0.586179852486 
0.588382542133 
0.570591032505 
0.575735747814 
0.543892323971 
0.594766139984 
0.555558681488 
0.572020471096 
0.529138684273 
0.581208527088 
0.58452218771 
0.564079165459 
0.566206753254 
0.559795498848 
0.551816105843 
0.546048164368 
0.558700442314 
0.559985876083 
0.557401776314 
0.5567958951 
0.588917970657 
0.564305126667 
0.566035270691 
0.574604988098 
0.557581961155 
0.532792747021 
0.555713236332 
0.567433059216 
0.557760715485 
0.548813402653 
0.589160442352 
0.587448179722 
0.549242138863 
0.589501619339 
0.530408740044 
0.539626002312 
0.534097194672 
0.598629593849 
0.580759942532 
0.565086662769 
0.552224636078 
0.556768894196 
0.584198355675 
0.56084382534 
0.587650895119 
0.564060747623 
0.576725482941 
0.545013785362 
0.572813212872 
0.541898012161 
0.574516057968 
0.562246084213 
0.544701695442 
0.523251116276 
0.563312888145 
0.542792141438 
0.552223145962 
0.524987459183 
0.560370504856 
0.568538069725 
0.578845620155 
0.521109700203 
0.578384518623 
0.551377952099 
0.577909708023 
0.527022480965 
0.576853990555 
0.520077466965 
